1001 1  0.0001
1 0 0 0 0 0 0 1 1 1 0.196862
1e-06 1.0752 -3.85278 0 0.304589 0.085002 0 1 0 0.5 0.10258
1e-06 2.31002 -6.60786 0 0.298513 0.104356 0 1 0 0.5 0.136681
1e-06 -3.98055 0.393969 0 -0.031146 -0.31469 0 1 0 0.5 0.119592
1e-06 -4.51091 5.35272 0 -0.241811 -0.203782 0 1 0 0.5 0.261222
1e-06 0.689877 -3.94006 0 0.311489 0.0545396 0 1 0 0.5 0.183613
1e-06 4.66148 -3.77764 0 0.199099 0.245682 0 1 0 0.5 0.261508
1e-06 4.91098 4.98822 0 -0.225345 0.221855 0 1 0 0.5 0.139582
1e-06 -2.1037 6.67641 0 -0.301609 -0.0950354 0 1 0 0.5 0.127227
1e-06 3.92304 0.780858 0 -0.0617322 0.310144 0 1 0 0.5 0.206074
1e-06 6.18873 -3.27103 0 0.14777 0.279578 0 1 0 0.5 0.280583
1e-06 -2.59393 1.50717 0 -0.158869 -0.273424 0 1 0 0.5 0.277303
1e-06 3.30401 2.25467 0 -0.178247 0.261205 0 1 0 0.5 0.249549
1e-06 3.94765 -0.645025 0 0.0509937 0.312089 0 1 0 0.5 0.284793
1e-06 1.97717 -2.25628 0 0.237833 0.208412 0 1 0 0.5 0.132175
1e-06 2.99346 0.197949 0 -0.0208656 0.315539 0 1 0 0.5 0.19111
1e-06 -0.279462 5.99349 0 -0.315885 -0.0147289 0 1 0 0.5 0.285877
1e-06 1.6574 -6.80096 0 0.307236 0.0748738 0 1 0 0.5 0.273249
1e-06 -2.91823 0.695663 0 -0.0733293 -0.307608 0 1 0 0.5 0.205424
1e-06 -2.86269 0.897231 0 -0.0945765 -0.301754 0 1 0 0.5 0.268266
1e-06 1.97341 -5.66618 0 0.298634 0.104008 0 1 0 0.5 0.15768
1e-06 5.51515 -4.31082 0 0.194743 0.249149 0 1 0 0.5 0.101056
1e-06 -2.57947 1.53177 0 -0.161463 -0.2719 0 1 0 0.5 0.129273
1e-06 2.58212 1.5273 0 -0.160991 0.27218 0 1 0 0.5 0.217348
1e-06 -3.31999 2.23107 0 -0.176381 -0.262468 0 1 0 0.5 0.141658
1e-06 -0.00864262 2.99999 0 -0.316226 -0.000911012 0 1 0 0.5 0.116642
1e-06 -2.51222 -3.11268 0 0.246079 -0.198608 0 1 0 0.5 0.183322
1e-06 2.38761 -6.58022 0 0.297264 0.107861 0 1 0 0.5 0.1125
1e-06 -2.24615 -4.46708 0 0.282523 -0.142059 0 1 0 0.5 0.232692
1e-06 -4.02313 -2.96891 0 0.18777 -0.254445 0 1 0 0.5 0.299935
1e-06 -6.2269 -3.19778 0 0.144461 -0.281302 0 1 0 0.5 0.166589
1e-06 -5.91303 -1.01788 0 0.0536471 -0.311644 0 1 0 0.5 0.280045
1e-06 -1.03081 -2.81735 0 0.296974 -0.108657 0 1 0 0.5 0.173934
1e-06 -2.83406 -0.98391 0 0.103713 -0.298737 0 1 0 0.5 0.204887
1e-06 -3.90417 0.870325 0 -0.0688052 -0.308652 0 1 0 0.5 0.248965
1e-06 1.03785 -3.86301 0 0.305398 0.0820494 0 1 0 0.5 0.226446
1e-06 -1.35615 -5.84473 0 0.308044 -0.0714755 0 1 0 0.5 0.206962
1e-06 -2.78164 -5.31625 0 0.280191 -0.146605 0 1 0 0.5 0.214267
1e-06 2.40802 -1.78926 0 0.188604 0.253828 0 1 0 0.5 0.157192
1e-06 3.42258 2.07026 0 -0.163668 0.270578 0 1 0 0.5 0.159968
1e-06 0.421515 -6.9873 0 0.315654 0.0190421 0 1 0 0.5 0.16054
1e-06 -1.88119 6.74249 0 -0.304595 -0.0849833 0 1 0 0.5 0.293393
1e-06 -5.96706 -3.6598 0 0.165333 -0.269564 0 1 0 0.5 0.204651
1e-06 -4.82356 3.56837 0 -0.18807 -0.254224 0 1 0 0.5 0.150381
1e-06 -5.99977 0.0525026 0 -0.00276713 -0.316216 0 1 0 0.5 0.217125
1e-06 6.67797 2.09874 0 -0.0948112 0.30168 0 1 0 0.5 0.154895
1e-06 -3.10473 -5.13427 0 0.2706 -0.163633 0 1 0 0.5 0.225284
1e-06 1.34435 -3.76732 0 0.297833 0.10628 0 1 0 0.5 0.150059
1e-06 -5.13685 3.10045 0 -0.163408 -0.270736 0 1 0 0.5 0.276684
1e-06 1.36718 5.84216 0 -0.307909 0.0720567 0 1 0 0.5 0.203369
1e-06 3.59294 -1.75807 0 0.138987 0.284047 0 1 0 0.5 0.246875
1e-06 -4.73739 3.68201 0 -0.194059 -0.249682 0 1 0 0.5 0.260391
1e-06 -6.99992 0.0328155 0 -0.00148245 -0.316224 0 1 0 0.5 0.174934
1e-06 2.68139 -2.96819 0 0.234656 0.211982 0 1 0 0.5 0.234585
1e-06 1.34461 -2.6818 0 0.282686 0.141734 0 1 0 0.5 0.145169
1e-06 -3.10916 2.51657 0 -0.198952 -0.245801 0 1 0 0.5 0.208522
1e-06 2.44343 -6.5597 0 0.296337 0.110383 0 1 0 0.5 0.150735
1e-06 2.99514 -4.00364 0 0.253213 0.189429 0 1 0 0.5 0.221642
1e-06 -0.408332 3.9791 0 -0.314576 -0.0322815 0 1 0 0.5 0.107145
1e-06 -3.75768 -4.67759 0 0.24653 -0.198047 0 1 0 0.5 0.235118
1e-06 6.99438 -0.280529 0 0.012673 0.315974 0 1 0 0.5 0.223276
1e-06 4.24217 5.56812 0 -0.251542 0.191642 0 1 0 0.5 0.169053
1e-06 4.91179 -3.44591 0 0.181616 0.258874 0 1 0 0.5 0.191701
1e-06 -2.41173 -6.57142 0 0.296866 -0.108951 0 1 0 0.5 0.175884
1e-06 -2.64922 -4.24048 0 0.268191 -0.167551 0 1 0 0.5 0.215958
1e-06 -3.20657 -2.39122 0 0.189043 -0.253501 0 1 0 0.5 0.109459
1e-06 2.94682 5.2265 0 -0.275461 0.155311 0 1 0 0.5 0.246605
1e-06 -2.31814 4.43015 0 -0.280187 -0.146612 0 1 0 0.5 0.184044
1e-06 0.516666 -3.96649 0 0.313579 0.040846 0 1 0 0.5 0.15252
1e-06 -2.22782 -3.32217 0 0.262641 -0.176124 0 1 0 0.5 0.293343
1e-06 1.42297 -4.79324 0 0.303151 0.0899965 0 1 0 0.5 0.196284
1e-06 3.77437 1.32443 0 -0.104705 0.29839 0 1 0 0.5 0.148668
1e-06 -2.47394 -5.46623 0 0.288095 -0.130388 0 1 0 0.5 0.105042
1e-06 -1.93548 3.50056 0 -0.276744 -0.153013 0 1 0 0.5 0.239554
1e-06 0.500765 -2.95791 0 0.311791 0.0527853 0 1 0 0.5 0.251473
1e-06 -3.51793 4.86047 0 -0.256169 -0.185411 0 1 0 0.5 0.15883
1e-06 3.96085 0.558268 0 -0.044135 0.313133 0 1 0 0.5 0.244323
1e-06 -6.99318 -0.308869 0 0.0139533 -0.31592 0 1 0 0.5 0.166553
1e-06 -1.25724 -3.79728 0 0.300202 -0.0993932 0 1 0 0.5 0.17884
1e-06 5.99747 0.174178 0 -0.00917997 0.316095 0 1 0 0.5 0.25266
1e-06 -2.97155 0.412203 0 -0.04345 -0.313229 0 1 0 0.5 0.292979
1e-06 -5.26552 2.87652 0 -0.151606 -0.277517 0 1 0 0.5 0.281858
1e-06 -1.17764 4.85934 0 -0.307331 -0.0744806 0 1 0 0.5 0.115595
1e-06 -2.87272 -0.864584 0 0.0911352 -0.302811 0 1 0 0.5 0.250268
1e-06 -0.853498 -3.90788 0 0.308945 -0.0674749 0 1 0 0.5 0.134449
1e-06 3.78034 -1.30729 0 0.10335 0.298862 0 1 0 0.5 0.129991
1e-06 -1.20743 -6.89508 0 0.311488 -0.0545462 0 1 0 0.5 0.261965
1e-06 6.89272 -1.22084 0 0.0551519 0.311381 0 1 0 0.5 0.128284
1e-06 5.64977 -2.01992 0 0.106459 0.297769 0 1 0 0.5 0.261196
1e-06 4.60682 -1.9435 0 0.122918 0.291361 0 1 0 0.5 0.275825
1e-06 2.39953 4.3866 0 -0.277433 0.15176 0 1 0 0.5 0.161204
1e-06 -3.34356 3.7176 0 -0.235122 -0.211465 0 1 0 0.5 0.150046
1e-06 2.36662 -1.84367 0 0.19434 0.249463 0 1 0 0.5 0.255987
1e-06 -1.71206 3.61508 0 -0.285798 -0.135351 0 1 0 0.5 0.154146
1e-06 2.62288 -5.39634 0 0.284412 0.138238 0 1 0 0.5 0.112874
1e-06 -6.90881 -1.12619 0 0.0508762 -0.312108 0 1 0 0.5 0.130445
1e-06 4.01055 2.98588 0 -0.188843 0.25365 0 1 0 0.5 0.150517
1e-06 5.75487 1.69748 0 -0.0894649 0.303308 0 1 0 0.5 0.147829
1e-06 5.93604 -0.873728 0 0.0460495 0.312857 0 1 0 0.5 0.255259
1e-06 -2.32628 4.42588 0 -0.279917 -0.147127 0 1 0 0.5 0.238669
1e-06 -0.690387 -2.91948 0 0.30774 -0.0727732 0 1 0 0.5 0.255296
1e-06 1.97091 5.66706 0 -0.29868 0.103876 0 1 0 0.5 0.237863
1e-06 0.380794 -3.98183 0 0.314792 0.0301044 0 1 0 0.5 0.219924
1e-06 0.905566 2.86006 0 -0.301477 0.0954551 0 1 0 0.5 0.277706
1e-06 -3.459 -3.61045 0 0.228345 -0.218766 0 1 0 0.5 0.135028
1e-06 -0.806311 5.94558 0 -0.313359 -0.0424963 0 1 0 0.5 0.26438
1e-06 3.81528 3.23166 0 -0.204388 0.2413 0 1 0 0.5 0.107283
1e-06 2.86009 -0.905466 0 0.0954445 0.30148 0 1 0 0.5 0.144474
1e-06 -5.78231 -1.60154 0 0.0844085 -0.304754 0 1 0 0.5 0.187506
1e-06 -3.37327 -2.14966 0 0.169946 -0.26668 0 1 0 0.5 0.192335
1e-06 -5.99232 -0.303558 0 0.0159989 -0.315823 0 1 0 0.5 0.134413
1e-06 3.59608 3.47394 0 -0.219711 0.227436 0 1 0 0.5 0.124637
1e-06 -1.80782 -3.56816 0 0.282088 -0.14292 0 1 0 0.5 0.281272
1e-06 -3.39875 3.66722 0 -0.231935 -0.214956 0 1 0 0.5 0.137067
1e-06 1.22985 -3.80624 0 0.30091 0.0972285 0 1 0 0.5 0.188972
1e-06 -0.681909 -3.94145 0 0.311599 -0.0539097 0 1 0 0.5 0.117559
1e-06 -3.49907 1.93818 0 -0.153226 -0.276625 0 1 0 0.5 0.272926
1e-06 1.10591 -5.8972 0 0.31081 0.0582867 0 1 0 0.5 0.195349
1e-06 0.970556 5.92098 0 -0.312063 0.0511528 0 1 0 0.5 0.240501
1e-06 -2.52028 4.31836 0 -0.273117 -0.159396 0 1 0 0.5 0.211291
1e-06 -1.44099 -2.63126 0 0.277359 -0.151894 0 1 0 0.5 0.15462
1e-06 -5.35944 4.50294 0 -0.203422 -0.242115 0 1 0 0.5 0.244793
1e-06 -0.391488 6.98904 0 -0.315733 -0.0176856 0 1 0 0.5 0.120408
1e-06 -1.7829 3.58068 0 -0.283077 -0.140951 0 1 0 0.5 0.2987
1e-06 3.99203 0.252319 0 -0.0199476 0.315598 0 1 0 0.5 0.238327
1e-06 4.99042 -3.33102 0 0.17556 0.263018 0 1 0 0.5 0.27837
1e-06 6.1019 3.43027 0 -0.154964 0.275656 0 1 0 0.5 0.129932
1e-06 2.62641 -3.01694 0 0.23851 0.207636 0 1 0 0.5 0.1703
1e-06 -4.95895 -4.94052 0 0.22319 -0.224023 0 1 0 0.5 0.264838
1e-06 1.43449 6.85144 0 -0.309517 0.0648035 0 1 0 0.5 0.10786
1e-06 -1.85831 -4.64184 0 0.293576 -0.11753 0 1 0 0.5 0.237629
1e-06 5.62465 -2.08886 0 0.110093 0.296445 0 1 0 0.5 0.189713
1e-06 -2.64034 -1.42429 0 0.150133 -0.278317 0 1 0 0.5 0.277248
1e-06 5.98587 0.411576 0 -0.021692 0.315483 0 1 0 0.5 0.245249
1e-06 0.0318437 4.9999 0 -0.316221 0.00201397 0 1 0 0.5 0.256258
1e-06 0.424368 -2.96983 0 0.313048 0.0447323 0 1 0 0.5 0.187073
1e-06 4.86284 1.16311 0 -0.0735613 0.307553 0 1 0 0.5 0.265073
1e-06 4.13571 -4.34694 0 0.229104 0.217971 0 1 0 0.5 0.159948
1e-06 3.93762 0.703657 0 -0.0556289 0.311296 0 1 0 0.5 0.127019
1e-06 1.97297 4.59428 0 -0.290568 0.124781 0 1 0 0.5 0.150822
1e-06 -1.71118 2.46412 0 -0.259741 -0.180374 0 1 0 0.5 0.169015
1e-06 2.77574 4.15876 0 -0.263023 0.175554 0 1 0 0.5 0.153711
1e-06 -2.24414 -5.56452 0 0.293276 -0.118276 0 1 0 0.5 0.293634
1e-06 -0.879482 4.92204 0 -0.311297 -0.0556233 0 1 0 0.5 0.149561
1e-06 1.47182 4.77847 0 -0.302217 0.0930858 0 1 0 0.5 0.202785
1e-06 2.83672 0.976213 0 -0.102902 0.299017 0 1 0 0.5 0.250354
1e-06 3.99813 -0.122195 0 0.00966036 0.31608 0 1 0 0.5 0.231543
1e-06 -0.814879 -3.91612 0 0.309596 -0.0644218 0 1 0 0.5 0.254496
1e-06 -5.71009 4.04906 0 -0.182918 -0.257955 0 1 0 0.5 0.212447
1e-06 1.54865 -5.7967 0 0.305513 0.081621 0 1 0 0.5 0.12963
1e-06 -3.83717 -3.20564 0 0.202742 -0.242684 0 1 0 0.5 0.108835
1e-06 -3.03164 6.30945 0 -0.285032 -0.136956 0 1 0 0.5 0.115755
1e-06 -0.134288 -5.9985 0 0.316149 -0.00707761 0 1 0 0.5 0.187267
1e-06 -2.6006 -4.27047 0 0.270088 -0.164476 0 1 0 0.5 0.14405
1e-06 2.49614 -1.66412 0 0.175413 0.263116 0 1 0 0.5 0.144869
1e-06 -4.98326 -0.408802 0 0.0258549 -0.315169 0 1 0 0.5 0.116846
1e-06 -5.88608 1.16364 0 -0.0613294 -0.310224 0 1 0 0.5 0.250632
1e-06 3.17537 -3.86226 0 0.244271 0.200828 0 1 0 0.5 0.241186
1e-06 -0.83197 3.91252 0 -0.309312 -0.065773 0 1 0 0.5 0.141839
1e-06 3.97213 0.471331 0 -0.037262 0.314025 0 1 0 0.5 0.195642
1e-06 -3.39903 -2.10869 0 0.166707 -0.268717 0 1 0 0.5 0.253691
1e-06 3.07645 5.15126 0 -0.271495 0.162143 0 1 0 0.5 0.130768
1e-06 -2.98103 -0.336857 0 0.0355079 -0.314228 0 1 0 0.5 0.236373
1e-06 1.93686 -3.49979 0 0.276683 0.153123 0 1 0 0.5 0.286818
1e-06 1.46081 -2.62031 0 0.276205 0.153983 0 1 0 0.5 0.177699
1e-06 -2.05644 -4.55753 0 0.288243 -0.130061 0 1 0 0.5 0.273046
1e-06 -1.45802 2.62187 0 -0.276369 -0.153688 0 1 0 0.5 0.256914
1e-06 3.26631 6.19122 0 -0.279691 0.147557 0 1 0 0.5 0.249637
1e-06 3.27162 -6.18842 0 0.279564 0.147797 0 1 0 0.5 0.292409
1e-06 3.1764 -2.43115 0 0.192199 0.251116 0 1 0 0.5 0.287298
1e-06 3.46352 2.00101 0 -0.158194 0.273815 0 1 0 0.5 0.266621
1e-06 -2.70918 -2.94285 0 0.232653 -0.214179 0 1 0 0.5 0.23861
1e-06 2.98703 0.278634 0 -0.0293706 0.314861 0 1 0 0.5 0.131681
1e-06 -1.27977 3.78975 0 -0.299606 -0.101174 0 1 0 0.5 0.127557
1e-06 1.6135 6.81151 0 -0.307713 0.0728904 0 1 0 0.5 0.293024
1e-06 -3.76145 1.3607 0 -0.107573 -0.297369 0 1 0 0.5 0.27455
1e-06 -5.97535 -0.543323 0 0.0286356 -0.314929 0 1 0 0.5 0.246008
1e-06 6.66952 2.12544 0 -0.0960178 0.301298 0 1 0 0.5 0.168777
1e-06 -4.18268 5.61295 0 -0.253567 -0.188954 0 1 0 0.5 0.254838
1e-06 3.37537 -2.14637 0 0.169686 0.266846 0 1 0 0.5 0.24268
1e-06 6.83806 1.497 0 -0.0676275 0.308912 0 1 0 0.5 0.143322
1e-06 -0.27555 3.9905 0 -0.315477 -0.0217841 0 1 0 0.5 0.168962
1e-06 -6.06037 3.50313 0 -0.158255 -0.27378 0 1 0 0.5 0.228329
1e-06 3.42248 6.10628 0 -0.275854 0.154612 0 1 0 0.5 0.137588
1e-06 -0.648144 -2.92915 0 0.308759 -0.0683204 0 1 0 0.5 0.130152
1e-06 -4.13038 -4.352 0 0.229371 -0.21769 0 1 0 0.5 0.18403
1e-06 -6.09203 3.44778 0 -0.155755 -0.27521 0 1 0 0.5 0.174516
1e-06 -3.96575 -0.522321 0 0.0412931 -0.31352 0 1 0 0.5 0.258072
1e-06 -0.2229 3.99378 0 -0.315736 -0.0176218 0 1 0 0.5 0.146023
1e-06 2.66091 4.23315 0 -0.267728 0.168291 0 1 0 0.5 0.190044
1e-06 2.42079 1.77194 0 -0.186779 0.255173 0 1 0 0.5 0.261492
1e-06 -0.20538 -4.99578 0 0.315961 -0.0129894 0 1 0 0.5 0.111239
1e-06 1.56023 5.79359 0 -0.305349 0.0822312 0 1 0 0.5 0.258344
1e-06 3.39551 6.12132 0 -0.276533 0.153393 0 1 0 0.5 0.277356
1e-06 -6.4459 2.72953 0 -0.123308 -0.291196 0 1 0 0.5 0.102511
1e-06 0.811359 -4.93373 0 0.312037 0.0513149 0 1 0 0.5 0.156515
1e-06 -3.89762 5.81451 0 -0.262673 -0.176077 0 1 0 0.5 0.158556
1e-06 2.58376 6.50571 0 -0.293898 0.116722 0 1 0 0.5 0.273104
1e-06 1.19132 3.81847 0 -0.301877 0.0941823 0 1 0 0.5 0.152068
1e-06 3.3188 -6.16324 0 0.278427 0.149928 0 1 0 0.5 0.215265
1e-06 -1.28878 -2.70907 0 0.285561 -0.13585 0 1 0 0.5 0.212182
1e-06 -2.74263 1.21573 0 -0.128149 -0.289098 0 1 0 0.5 0.154651
1e-06 -4.4682 -2.24393 0 0.141918 -0.282594 0 1 0 0.5 0.266656
1e-06 -2.56637 -1.55363 0 0.163767 -0.270519 0 1 0 0.5 0.129512
1e-06 -2.34107 1.876 0 -0.197748 -0.246771 0 1 0 0.5 0.100494
1e-06 -2.92259 0.6771 0 -0.0713726 -0.308068 0 1 0 0.5 0.203114
1e-06 2.98656 -0.283693 0 0.0299039 0.314811 0 1 0 0.5 0.209989
1e-06 -5.98661 0.400566 0 -0.0211117 -0.315522 0 1 0 0.5 0.183166
1e-06 5.98907 -0.362024 0 0.0190803 0.315652 0 1 0 0.5 0.229891
1e-06 -5.5484 -2.2837 0 0.120361 -0.292426 0 1 0 0.5 0.196613
1e-06 -5.862 1.27943 0 -0.0674321 -0.308955 0 1 0 0.5 0.144622
1e-06 -3.99244 0.245773 0 -0.01943 -0.31563 0 1 0 0.5 0.105552
1e-06 2.41974 -1.77337 0 0.18693 0.255063 0 1 0 0.5 0.106869
1e-06 4.14662 -2.79384 0 0.176698 0.262255 0 1 0 0.5 0.225458
1e-06 0.584351 3.95709 0 -0.312835 0.046197 0 1 0 0.5 0.296533
1e-06 -2.69338 4.21257 0 -0.266426 -0.170344 0 1 0 0.5 0.146086
1e-06 0.346843 -2.97988 0 0.314107 0.0365605 0 1 0 0.5 0.187964
1e-06 3.79035 -5.885 0 0.265857 0.17123 0 1 0 0.5 0.27278
1e-06 -0.65098 2.92852 0 -0.308693 -0.0686193 0 1 0 0.5 0.221953
1e-06 5.01924 -4.87926 0 0.220423 0.226746 0 1 0 0.5 0.113916
1e-06 5.18989 -3.01082 0 0.158684 0.273531 0 1 0 0.5 0.206366
1e-06 -3.30772 -3.74953 0 0.237141 -0.209199 0 1 0 0.5 0.148527
1e-06 -2.688 6.46333 0 -0.291984 -0.121431 0 1 0 0.5 0.2923
1e-06 6.68097 -2.08916 0 0.0943785 0.301816 0 1 0 0.5 0.150966
1e-06 2.32738 1.89296 0 -0.199536 0.245327 0 1 0 0.5 0.256425
1e-06 -5.62883 2.07757 0 -0.109498 -0.296665 0 1 0 0.5 0.271412
1e-06 -3.9978 0.132699 0 -0.0104908 -0.316054 0 1 0 0.5 0.286494
1e-06 0.722123 -2.91179 0 0.30693 0.0761185 0 1 0 0.5 0.289925
1e-06 -3.39521 3.6705 0 -0.232143 -0.214732 0 1 0 0.5 0.238602
1e-06 1.40235 3.74612 0 -0.296157 0.110866 0 1 0 0.5 0.264144
1e-06 3.99779 -0.132948 0 0.0105105 0.316053 0 1 0 0.5 0.140254
1e-06 -5.91135 3.74912 0 -0.169368 -0.267048 0 1 0 0.5 0.298106
1e-06 5.96161 0.677614 0 -0.0357134 0.314205 0 1 0 0.5 0.209792
1e-06 3.51836 -6.05154 0 0.273381 0.158943 0 1 0 0.5 0.220527
1e-06 2.52617 1.61817 0 -0.17057 0.266282 0 1 0 0.5 0.26124
1e-06 -3.86095 -3.17696 0 0.200929 -0.244188 0 1 0 0.5 0.205433
1e-06 2.66416 -1.37921 0 0.145382 0.280828 0 1 0 0.5 0.186193
1e-06 0.400768 6.98852 0 -0.315709 0.0181048 0 1 0 0.5 0.102926
1e-06 -6.50434 2.5872 0 -0.116878 -0.293836 0 1 0 0.5 0.147648
1e-06 -3.96095 -0.557544 0 0.0440778 -0.313141 0 1 0 0.5 0.117273
1e-06 2.91026 -0.728267 0 0.0767661 0.306769 0 1 0 0.5 0.268803
1e-06 0.820577 -5.94362 0 0.313256 0.0432482 0 1 0 0.5 0.129257
1e-06 3.48781 -6.0692 0 0.274178 0.157563 0 1 0 0.5 0.129915
1e-06 3.42736 2.06234 0 -0.163042 0.270956 0 1 0 0.5 0.260163
1e-06 3.26973 3.78271 0 -0.239239 0.206796 0 1 0 0.5 0.183348
1e-06 -2.22089 2.01684 0 -0.212594 -0.234102 0 1 0 0.5 0.274902
1e-06 3.79889 1.25236 0 -0.0990078 0.300329 0 1 0 0.5 0.17215
1e-06 -4.03757 -2.94924 0 0.186526 -0.255358 0 1 0 0.5 0.182418
1e-06 1.22498 -5.87362 0 0.309567 0.0645621 0 1 0 0.5 0.16351
1e-06 3.13174 2.48841 0 -0.196726 0.247586 0 1 0 0.5 0.255683
1e-06 3.42407 3.64359 0 -0.230441 0.216557 0 1 0 0.5 0.19861
1e-06 3.99523 -0.195207 0 0.0154325 0.315851 0 1 0 0.5 0.120616
1e-06 -4.91484 -3.44156 0 0.181386 -0.259035 0 1 0 0.5 0.129243
1e-06 2.30746 1.91719 0 -0.20209 0.243228 0 1 0 0.5 0.186863
1e-06 -3.06565 -3.94991 0 0.249814 -0.193889 0 1 0 0.5 0.228835
1e-06 -2.83736 0.974364 0 -0.102707 -0.299084 0 1 0 0.5 0.172143
1e-06 -1.82589 -3.55895 0 0.28136 -0.144349 0 1 0 0.5 0.185614
1e-06 0.468526 -2.96319 0 0.312347 0.049387 0 1 0 0.5 0.159608
1e-06 -5.58827 -2.18431 0 0.115123 -0.294528 0 1 0 0.5 0.11758
1e-06 -5.11533 3.13582 0 -0.165272 -0.269602 0 1 0 0.5 0.164434
1e-06 1.00127 3.87265 0 -0.30616 0.0791577 0 1 0 0.5 0.185057
1e-06 5.74458 -1.73198 0 0.0912834 0.302766 0 1 0 0.5 0.295411
1e-06 -4.78791 1.44079 0 -0.0911235 -0.302814 0 1 0 0.5 0.210769
1e-06 -2.89314 -0.793558 0 0.0836483 -0.304964 0 1 0 0.5 0.146496
1e-06 1.76923 -4.67652 0 0.295769 0.111896 0 1 0 0.5 0.119818
1e-06 -0.835576 3.91175 0 -0.309251 -0.066058 0 1 0 0.5 0.225917
1e-06 -3.63458 1.67029 0 -0.132048 -0.287338 0 1 0 0.5 0.205341
1e-06 6.08248 -3.4646 0 0.156515 0.274778 0 1 0 0.5 0.123505
1e-06 1.41651 -4.79515 0 0.303272 0.0895878 0 1 0 0.5 0.184034
1e-06 1.05599 -3.85809 0 0.305009 0.0834836 0 1 0 0.5 0.261324
1e-06 -2.46642 1.70786 0 -0.180024 -0.259984 0 1 0 0.5 0.119702
1e-06 -2.43651 3.17229 0 -0.250792 -0.192623 0 1 0 0.5 0.289954
1e-06 -1.48533 -3.714 0 0.293618 -0.117425 0 1 0 0.5 0.175459
1e-06 -2.95623 -0.510578 0 0.0538197 -0.311614 0 1 0 0.5 0.212874
1e-06 -4.62891 -5.25102 0 0.237217 -0.209113 0 1 0 0.5 0.228339
1e-06 3.72653 -1.45361 0 0.114918 0.294608 0 1 0 0.5 0.200454
1e-06 0.517194 -3.96642 0 0.313573 0.0408877 0 1 0 0.5 0.298846
1e-06 0.72042 -5.95659 0 0.31394 0.0379695 0 1 0 0.5 0.217014
1e-06 3.056 -6.29769 0 0.284501 0.138056 0 1 0 0.5 0.108393
1e-06 -0.98728 3.87625 0 -0.306444 -0.0780514 0 1 0 0.5 0.131517
1e-06 1.69621 -5.75525 0 0.303328 0.089398 0 1 0 0.5 0.128525
1e-06 -6.4441 2.73378 0 -0.1235 -0.291115 0 1 0 0.5 0.154691
1e-06 3.07337 2.56015 0 -0.202398 0.242972 0 1 0 0.5 0.155758
1e-06 -2.64077 3.00439 0 -0.237518 -0.208771 0 1 0 0.5 0.167652
1e-06 -2.68803 -1.3321 0 0.140416 -0.283343 0 1 0 0.5 0.150096
1e-06 -1.954 -3.49026 0 0.275929 -0.154477 0 1 0 0.5 0.280363
1e-06 5.78949 1.57537 0 -0.0830293 0.305133 0 1 0 0.5 0.264222
1e-06 -3.52996 -4.85174 0 0.255709 -0.186045 0 1 0 0.5 0.245183
1e-06 -4.61211 -1.93091 0 0.122121 -0.291696 0 1 0 0.5 0.152384
1e-06 -4.31785 -2.52115 0 0.159451 -0.273085 0 1 0 0.5 0.250658
1e-06 2.09305 -3.40868 0 0.26948 0.165471 0 1 0 0.5 0.294459
1e-06 0.989369 -3.87571 0 0.306402 0.0782164 0 1 0 0.5 0.257788
1e-06 4.89222 -1.03256 0 0.0653051 0.309411 0 1 0 0.5 0.292568
1e-06 -1.94782 -5.67503 0 0.2991 -0.102659 0 1 0 0.5 0.271603
1e-06 0.670906 -3.94333 0 0.311748 0.0530398 0 1 0 0.5 0.261683
1e-06 -1.89453 3.52289 0 -0.278509 -0.149775 0 1 0 0.5 0.279108
1e-06 5.98675 0.398589 0 -0.0210075 0.315529 0 1 0 0.5 0.21275
1e-06 -0.320334 -2.98285 0 0.31442 -0.0337661 0 1 0 0.5 0.240873
1e-06 -2.15539 6.6599 0 -0.300864 -0.0973705 0 1 0 0.5 0.253799
1e-06 3.04513 2.59368 0 -0.205049 0.240739 0 1 0 0.5 0.100134
1e-06 4.31455 -2.52679 0 0.159808 0.272876 0 1 0 0.5 0.155057
1e-06 -6.07887 -3.47093 0 0.156801 -0.274615 0 1 0 0.5 0.22274
1e-06 -3.84336 5.85052 0 -0.2643 -0.173625 0 1 0 0.5 0.217216
1e-06 -0.888822 -2.86531 0 0.30203 -0.0936901 0 1 0 0.5 0.149002
1e-06 1.8493 4.64544 0 -0.293803 0.11696 0 1 0 0.5 0.10908
1e-06 -6.43252 2.76091 0 -0.124725 -0.290592 0 1 0 0.5 0.280487
1e-06 1.68349 2.48312 0 -0.261743 0.177455 0 1 0 0.5 0.241231
1e-06 2.99809 -0.107011 0 0.01128 0.316027 0 1 0 0.5 0.201928
1e-06 1.27066 6.88371 0 -0.310974 0.0574025 0 1 0 0.5 0.244724
1e-06 -4.54999 -2.07305 0 0.131111 -0.287767 0 1 0 0.5 0.1326
1e-06 1.92779 4.61342 0 -0.291778 0.121924 0 1 0 0.5 0.182456
1e-06 -4.79477 -1.41782 0 0.0896708 -0.303248 0 1 0 0.5 0.205861
1e-06 -3.49011 1.95426 0 -0.154498 -0.275917 0 1 0 0.5 0.217194
1e-06 5.87533 -3.80532 0 0.171907 0.265421 0 1 0 0.5 0.136528
1e-06 0.594044 -3.95564 0 0.312721 0.0469633 0 1 0 0.5 0.279928
1e-06 -0.236021 3.99303 0 -0.315677 -0.0186591 0 1 0 0.5 0.137478
1e-06 5.68157 -1.92867 0 0.10165 0.299445 0 1 0 0.5 0.236298
1e-06 -1.39883 -4.80034 0 0.3036 -0.0884695 0 1 0 0.5 0.238787
1e-06 2.1243 2.11833 0 -0.223292 0.223921 0 1 0 0.5 0.250613
1e-06 -0.0444528 3.99975 0 -0.316208 -0.0035143 0 1 0 0.5 0.159825
1e-06 -1.08843 -5.90045 0 0.310981 -0.0573655 0 1 0 0.5 0.202693
1e-06 5.93901 0.853344 0 -0.0449752 0.313013 0 1 0 0.5 0.156692
1e-06 2.72604 1.25248 0 -0.132023 0.28735 0 1 0 0.5 0.155986
1e-06 2.4451 -5.47919 0 0.288779 0.128868 0 1 0 0.5 0.196496
1e-06 -2.82206 2.83478 0 -0.224109 -0.223103 0 1 0 0.5 0.299478
1e-06 0.17462 5.99746 0 -0.316094 0.00920328 0 1 0 0.5 0.263377
1e-06 -5.31797 -2.77835 0 0.146432 -0.280282 0 1 0 0.5 0.287096
1e-06 3.64374 -4.76688 0 0.251237 0.192042 0 1 0 0.5 0.168468
1e-06 2.5887 3.04937 0 -0.241074 0.204654 0 1 0 0.5 0.292992
1e-06 2.9158 6.36381 0 -0.287488 0.131723 0 1 0 0.5 0.18464
1e-06 -3.15912 -2.45356 0 0.193971 -0.24975 0 1 0 0.5 0.212923
1e-06 0.328302 4.98921 0 -0.315545 0.0207637 0 1 0 0.5 0.188781
1e-06 -5.82561 -3.88102 0 0.175326 -0.263174 0 1 0 0.5 0.131876
1e-06 -4.14635 5.63984 0 -0.254782 -0.187313 0 1 0 0.5 0.150584
1e-06 -2.49725 -4.33171 0 0.273962 -0.15794 0 1 0 0.5 0.284914
1e-06 4.60667 1.94385 0 -0.12294 0.291352 0 1 0 0.5 0.105911
1e-06 2.92205 0.679436 0 -0.0716189 0.308011 0 1 0 0.5 0.188539
1e-06 -3.99977 -0.0424357 0 0.00335484 -0.31621 0 1 0 0.5 0.198325
1e-06 -4.99954 -0.0676397 0 0.00427791 -0.316199 0 1 0 0.5 0.285651
1e-06 0.728137 -3.93317 0 0.310944 0.0575643 0 1 0 0.5 0.246219
1e-06 2.87099 2.78521 0 -0.220191 0.226972 0 1 0 0.5 0.238383
1e-06 -4.98786 0.348203 0 -0.0220223 -0.31546 0 1 0 0.5 0.258779
1e-06 -4.34875 -2.46746 0 0.156056 -0.275039 0 1 0 0.5 0.183731
1e-06 2.73485 -5.34047 0 0.281467 0.144139 0 1 0 0.5 0.123772
1e-06 1.85347 -2.35895 0 0.248655 0.195373 0 1 0 0.5 0.178364
1e-06 2.40409 1.79454 0 -0.189161 0.253413 0 1 0 0.5 0.199365
1e-06 -3.34018 -3.72064 0 0.235314 -0.211252 0 1 0 0.5 0.269423
1e-06 -4.49067 2.19861 0 -0.139052 -0.284015 0 1 0 0.5 0.154828
1e-06 -0.648253 -2.92912 0 0.308757 -0.0683319 0 1 0 0.5 0.269045
1e-06 -2.1953 4.49229 0 -0.284117 -0.138843 0 1 0 0.5 0.113144
1e-06 -4.59924 1.96138 0 -0.124049 -0.290881 0 1 0 0.5 0.164009
1e-06 -2.92396 0.671159 0 -0.0707464 -0.308213 0 1 0 0.5 0.226947
1e-06 -1.54995 2.56859 0 -0.270753 -0.163379 0 1 0 0.5 0.251831
1e-06 -6.96795 0.669045 0 -0.0302244 -0.31478 0 1 0 0.5 0.132689
1e-06 1.73195 -2.44956 0 0.258206 0.182564 0 1 0 0.5 0.108157
1e-06 1.78585 -5.72807 0 0.301896 0.0941225 0 1 0 0.5 0.195861
1e-06 2.94205 0.586793 0 -0.0618534 0.31012 0 1 0 0.5 0.251888
1e-06 4.26599 -2.60793 0 0.16494 0.269805 0 1 0 0.5 0.296097
1e-06 -3.51147 6.05554 0 -0.273561 -0.158632 0 1 0 0.5 0.123998
1e-06 2.9918 -0.221641 0 0.023363 0.315364 0 1 0 0.5 0.287445
1e-06 -2.66069 -2.98676 0 0.236124 -0.210346 0 1 0 0.5 0.129578
1e-06 5.76241 -1.6717 0 0.0881063 0.303706 0 1 0 0.5 0.149977
1e-06 -0.881666 4.92165 0 -0.311273 -0.0557615 0 1 0 0.5 0.17214
1e-06 -2.70356 5.35637 0 -0.282306 -0.14249 0 1 0 0.5 0.174939
1e-06 -3.62233 -1.69668 0 0.134134 -0.28637 0 1 0 0.5 0.156249
1e-06 -4.4002 2.37449 0 -0.150176 -0.278293 0 1 0 0.5 0.220394
1e-06 -2.06142 2.17958 0 -0.229748 -0.217293 0 1 0 0.5 0.141541
1e-06 4.94115 -0.764904 0 0.0483768 0.312505 0 1 0 0.5 0.151626
1e-06 -1.11763 -2.78405 0 0.293464 -0.117808 0 1 0 0.5 0.150547
1e-06 -2.69781 -6.45924 0 0.291799 -0.121875 0 1 0 0.5 0.196993
1e-06 -3.62015 1.70134 0 -0.134502 -0.286198 0 1 0 0.5 0.190331
1e-06 -2.22885 -2.00804 0 0.211666 -0.234941 0 1 0 0.5 0.188333
1e-06 -4.54743 5.32173 0 -0.240411 -0.205432 0 1 0 0.5 0.287566
1e-06 3.58292 1.77839 0 -0.140594 0.283255 0 1 0 0.5 0.260133
1e-06 6.63136 -2.24165 0 0.101268 0.299574 0 1 0 0.5 0.188356
1e-06 2.43381 -3.17436 0 0.250955 0.192409 0 1 0 0.5 0.299903
1e-06 2.65994 1.38734 0 -0.146238 0.280383 0 1 0 0.5 0.291237
1e-06 0.910551 5.93051 0 -0.312565 0.0479902 0 1 0 0.5 0.101115
1e-06 1.28162 -3.78912 0 0.299556 0.101321 0 1 0 0.5 0.254637
1e-06 0.479375 4.97697 0 -0.314771 0.0303183 0 1 0 0.5 0.140129
1e-06 -2.08878 2.15337 0 -0.226985 -0.220177 0 1 0 0.5 0.175195
1e-06 1.09038 2.79483 0 -0.294601 0.114936 0 1 0 0.5 0.120487
1e-06 -4.27421 -2.59445 0 0.164087 -0.270324 0 1 0 0.5 0.283213
1e-06 -4.79277 -1.42457 0 0.0900977 -0.303121 0 1 0 0.5 0.109808
1e-06 -2.87528 0.856031 0 -0.0902336 -0.303081 0 1 0 0.5 0.102505
1e-06 -2.98202 0.327957 0 -0.0345697 -0.314333 0 1 0 0.5 0.217698
1e-06 -1.64049 6.80506 0 -0.307421 -0.0741096 0 1 0 0.5 0.201791
1e-06 3.40966 3.65708 0 -0.231294 0.215646 0 1 0 0.5 0.154274
1e-06 -0.770772 -6.95744 0 0.314305 -0.0348199 0 1 0 0.5 0.1207
1e-06 5.42574 4.42282 0 -0.199803 0.24511 0 1 0 0.5 0.14809
1e-06 3.76445 1.35236 0 -0.106914 0.297606 0 1 0 0.5 0.248041
1e-06 5.88936 -1.14694 0 0.0604492 0.310396 0 1 0 0.5 0.261568
1e-06 2.34894 -4.4139 0 0.279159 0.14856 0 1 0 0.5 0.191253
1e-06 -2.76041 1.17479 0 -0.123834 -0.290973 0 1 0 0.5 0.117223
1e-06 6.92186 1.043 0 -0.0471179 0.312698 0 1 0 0.5 0.297586
1e-06 5.50019 -2.39747 0 0.126358 0.289886 0 1 0 0.5 0.14581
1e-06 2.51862 -1.62989 0 0.171805 0.265486 0 1 0 0.5 0.234555
1e-06 6.89024 -1.23477 0 0.0557812 0.311269 0 1 0 0.5 0.161783
1e-06 4.13741 4.34532 0 -0.229019 0.218061 0 1 0 0.5 0.254927
1e-06 3.71918 4.70826 0 -0.248147 0.196018 0 1 0 0.5 0.238247
1e-06 -3.34927 6.14674 0 -0.277681 -0.151304 0 1 0 0.5 0.197961
1e-06 5.69401 4.07164 0 -0.183938 0.257229 0 1 0 0.5 0.251855
1e-06 5.81604 1.47435 0 -0.0777049 0.306532 0 1 0 0.5 0.148726
1e-06 -3.09731 -2.53114 0 0.200104 -0.244864 0 1 0 0.5 0.132124
1e-06 2.99961 0.0485204 0 -0.0051145 0.316186 0 1 0 0.5 0.219033
1e-06 -3.29935 3.7569 0 -0.237607 -0.208669 0 1 0 0.5 0.106434
1e-06 -3.88126 -0.96738 0 0.0764781 -0.306841 0 1 0 0.5 0.21611
1e-06 5.84877 -1.3386 0 0.0705505 0.308257 0 1 0 0.5 0.209512
1e-06 2.35665 6.59137 0 -0.297768 0.106463 0 1 0 0.5 0.193587
1e-06 -5.51389 -2.36579 0 0.124688 -0.290608 0 1 0 0.5 0.17154
1e-06 -1.43484 3.7338 0 -0.295183 -0.113434 0 1 0 0.5 0.159342
1e-06 3.84504 -4.60604 0 0.24276 0.202652 0 1 0 0.5 0.209235
1e-06 2.61419 4.26216 0 -0.269563 0.165336 0 1 0 0.5 0.235277
1e-06 -2.51475 -1.63586 0 0.172435 -0.265078 0 1 0 0.5 0.247402
1e-06 -2.4797 1.68851 0 -0.177985 -0.261384 0 1 0 0.5 0.296265
1e-06 -3.1285 5.11981 0 -0.269838 -0.164886 0 1 0 0.5 0.23386
1e-06 -0.660333 2.92642 0 -0.308472 -0.0696053 0 1 0 0.5 0.201878
1e-06 4.15243 -5.63537 0 0.25458 0.187587 0 1 0 0.5 0.117712
1e-06 -2.00035 -2.23575 0 0.235669 -0.210856 0 1 0 0.5 0.122729
1e-06 4.36959 -2.43037 0 0.15371 0.276357 0 1 0 0.5 0.246888
1e-06 -3.82345 1.17525 0 -0.0929113 -0.302271 0 1 0 0.5 0.15694
1e-06 1.52546 -6.83176 0 0.308628 0.0689131 0 1 0 0.5 0.163563
1e-06 -3.59249 1.75899 0 -0.13906 -0.284011 0 1 0 0.5 0.107996
1e-06 -6.05319 -3.51552 0 0.158815 -0.273455 0 1 0 0.5 0.165019
1e-06 1.81805 6.75979 0 -0.305376 0.0821309 0 1 0 0.5 0.129195
1e-06 -6.97835 0.550149 0 -0.0248532 -0.31525 0 1 0 0.5 0.18436
1e-06 5.98725 0.390967 0 -0.0206058 0.315556 0 1 0 0.5 0.149374
1e-06 -4.89379 5.00508 0 -0.226107 -0.221079 0 1 0 0.5 0.214696
1e-06 0.0958512 -5.99923 0 0.316187 0.0050518 0 1 0 0.5 0.293593
1e-06 -6.80883 1.62474 0 -0.0733983 -0.307592 0 1 0 0.5 0.203733
1e-06 -6.6942 2.04637 0 -0.0924456 -0.302413 0 1 0 0.5 0.184885
1e-06 -1.2743 -3.79159 0 0.299751 -0.100743 0 1 0 0.5 0.18717
1e-06 -0.372709 -5.98841 0 0.315617 -0.0196435 0 1 0 0.5 0.227394
1e-06 5.75526 -1.69616 0 0.0893953 0.303329 0 1 0 0.5 0.227685
1e-06 -2.81075 -6.4109 0 0.289615 -0.126977 0 1 0 0.5 0.20501
1e-06 2.72594 2.92733 0 -0.231426 0.215505 0 1 0 0.5 0.135764
1e-06 -5.66338 -1.98145 0 0.104432 -0.298486 0 1 0 0.5 0.293096
1e-06 -4.01502 -4.45866 0 0.234992 -0.21161 0 1 0 0.5 0.245965
1e-06 -5.12929 4.76344 0 -0.21519 -0.231718 0 1 0 0.5 0.228042
1e-06 -1.34986 4.81434 0 -0.304486 -0.0853729 0 1 0 0.5 0.230777
1e-06 -4.99006 0.315177 0 -0.0199335 -0.315599 0 1 0 0.5 0.175483
1e-06 4.33394 -2.49338 0 0.157695 0.274103 0 1 0 0.5 0.146599
1e-06 -1.73683 3.60325 0 -0.284862 -0.137308 0 1 0 0.5 0.274119
1e-06 5.53291 -2.32097 0 0.122326 0.29161 0 1 0 0.5 0.235365
1e-06 -1.82617 6.7576 0 -0.305277 -0.0824979 0 1 0 0.5 0.13558
1e-06 3.75537 -3.30109 0 0.208779 0.237511 0 1 0 0.5 0.217102
1e-06 -4.85988 1.17542 0 -0.0743401 -0.307365 0 1 0 0.5 0.190996
1e-06 5.19556 -3.00102 0 0.158168 0.27383 0 1 0 0.5 0.171734
1e-06 0.265047 -5.99414 0 0.315919 0.0139692 0 1 0 0.5 0.285198
1e-06 5.64411 -2.03569 0 0.10729 0.297471 0 1 0 0.5 0.146068
1e-06 0.140572 2.9967 0 -0.31588 0.0148176 0 1 0 0.5 0.120201
1e-06 1.18926 6.89824 0 -0.311631 0.0537255 0 1 0 0.5 0.143128
1e-06 -2.71816 -5.34898 0 0.281916 -0.14326 0 1 0 0.5 0.135486
1e-06 0.440472 5.98381 0 -0.315374 0.0232149 0 1 0 0.5 0.169295
1e-06 3.72634 -3.33383 0 0.21085 0.235674 0 1 0 0.5 0.24669
1e-06 4.91009 0.943948 0 -0.0597005 0.310541 0 1 0 0.5 0.179826
1e-06 -1.99483 -4.58483 0 0.28997 -0.126164 0 1 0 0.5 0.150024
1e-06 -2.67383 -1.36039 0 0.143397 -0.281846 0 1 0 0.5 0.16278
1e-06 1.48354 -3.71471 0 0.293674 0.117284 0 1 0 0.5 0.276297
1e-06 -0.78712 -4.93766 0 0.312285 -0.0497818 0 1 0 0.5 0.124545
1e-06 -2.20444 5.58036 0 -0.294111 -0.116184 0 1 0 0.5 0.234072
1e-06 2.04698 3.43655 0 -0.271683 0.161828 0 1 0 0.5 0.296507
1e-06 5.82142 3.88729 0 -0.17561 0.262985 0 1 0 0.5 0.288485
1e-06 -3.73408 -1.43409 0 0.113375 -0.295205 0 1 0 0.5 0.277688
1e-06 -0.748843 -4.94361 0 0.312661 -0.047361 0 1 0 0.5 0.237779
1e-06 -2.8864 -0.81773 0 0.0861963 -0.304253 0 1 0 0.5 0.175521
1e-06 2.39573 5.50095 0 -0.289926 0.126266 0 1 0 0.5 0.238583
1e-06 -3.30967 2.24634 0 -0.177589 -0.261653 0 1 0 0.5 0.110693
1e-06 1.953 -5.67325 0 0.299007 0.102932 0 1 0 0.5 0.159982
1e-06 -0.0179096 5.99997 0 -0.316226 -0.000943918 0 1 0 0.5 0.146682
1e-06 1.62608 2.52108 0 -0.265745 0.171404 0 1 0 0.5 0.151738
1e-06 -3.3297 -2.21654 0 0.175233 -0.263236 0 1 0 0.5 0.247041
1e-06 4.75816 -3.65512 0 0.192642 0.250777 0 1 0 0.5 0.235639
1e-06 4.62206 1.90697 0 -0.120607 0.292325 0 1 0 0.5 0.116096
1e-06 3.486 -6.07024 0 0.274225 0.157482 0 1 0 0.5 0.20892
1e-06 1.64552 -3.64585 0 0.28823 0.13009 0 1 0 0.5 0.255588
1e-06 3.09533 5.13994 0 -0.270898 0.163138 0 1 0 0.5 0.188673
1e-06 4.74483 3.67241 0 -0.193553 0.250075 0 1 0 0.5 0.128071
1e-06 -5.50192 -2.3935 0 0.126149 -0.289977 0 1 0 0.5 0.13522
1e-06 -2.57771 -6.5081 0 0.294006 -0.116449 0 1 0 0.5 0.297489
1e-06 0.552276 -4.96941 0 0.314293 0.034929 0 1 0 0.5 0.173735
1e-06 -0.128838 6.99881 0 -0.316174 -0.00582029 0 1 0 0.5 0.271005
1e-06 -5.81061 1.49562 0 -0.0788259 -0.306246 0 1 0 0.5 0.118807
1e-06 2.96275 0.47129 0 -0.0496784 0.312301 0 1 0 0.5 0.239133
1e-06 3.99193 -0.25389 0 0.0200718 0.31559 0 1 0 0.5 0.118137
1e-06 -2.98053 -2.66767 0 0.210898 -0.235631 0 1 0 0.5 0.254283
1e-06 3.99875 -0.10018 0 0.00791993 0.316129 0 1 0 0.5 0.260161
1e-06 -1.94245 -4.60727 0 0.291389 -0.122851 0 1 0 0.5 0.15492
1e-06 -0.118474 -5.99883 0 0.316166 -0.00624414 0 1 0 0.5 0.215156
1e-06 3.8047 -1.2346 0 0.0976037 0.300788 0 1 0 0.5 0.298468
1e-06 3.38542 3.67953 0 -0.232714 0.214113 0 1 0 0.5 0.270732
1e-06 -4.92003 -4.97929 0 0.224941 -0.222264 0 1 0 0.5 0.14209
1e-06 -0.751112 4.94326 0 -0.312639 -0.0475045 0 1 0 0.5 0.294979
1e-06 6.9847 -0.462492 0 0.0208933 0.315537 0 1 0 0.5 0.164294
1e-06 5.99713 0.185689 0 -0.00978668 0.316076 0 1 0 0.5 0.20951
1e-06 3.02854 -2.61303 0 0.206579 0.239427 0 1 0 0.5 0.291106
1e-06 0.973618 5.92048 0 -0.312037 0.0513142 0 1 0 0.5 0.109194
1e-06 4.80851 -1.3705 0 0.0866779 0.304117 0 1 0 0.5 0.226105
1e-06 -5.70664 4.05392 0 -0.183137 -0.2578 0 1 0 0.5 0.112128
1e-06 1.21865 2.74133 0 -0.288962 0.128457 0 1 0 0.5 0.277208
1e-06 -3.18653 -5.0839 0 0.267945 -0.167945 0 1 0 0.5 0.158916
1e-06 0.779859 4.93881 0 -0.312358 0.0493226 0 1 0 0.5 0.186802
1e-06 0.0913047 -4.99917 0 0.316175 0.00577462 0 1 0 0.5 0.122745
1e-06 -3.47331 6.07751 0 -0.274554 -0.156908 0 1 0 0.5 0.188141
1e-06 1.52408 -2.58403 0 0.27238 0.160652 0 1 0 0.5 0.25146
1e-06 -3.76529 -4.67147 0 0.246208 -0.198448 0 1 0 0.5 0.294914
1e-06 3.28952 -3.7655 0 0.238151 0.208048 0 1 0 0.5 0.292801
1e-06 -0.55463 6.97799 0 -0.315234 -0.0250556 0 1 0 0.5 0.217953
1e-06 -4.98549 0.380634 0 -0.0240734 -0.31531 0 1 0 0.5 0.174945
1e-06 1.08531 4.88079 0 -0.308688 0.0686412 0 1 0 0.5 0.220761
1e-06 4.19783 2.71629 0 -0.171793 0.265494 0 1 0 0.5 0.282312
1e-06 2.93381 0.626719 0 -0.066062 0.30925 0 1 0 0.5 0.130458
1e-06 3.9639 -0.536158 0 0.042387 0.313374 0 1 0 0.5 0.195345
1e-06 -4.33334 -5.49747 0 0.24835 -0.19576 0 1 0 0.5 0.282955
1e-06 1.16511 -5.88579 0 0.310208 0.0614068 0 1 0 0.5 0.107944
1e-06 3.53195 1.87759 0 -0.148436 0.279225 0 1 0 0.5 0.257406
1e-06 -2.97463 -0.38933 0 0.041039 -0.313554 0 1 0 0.5 0.27507
1e-06 -1.48533 4.77429 0 -0.301952 -0.0939403 0 1 0 0.5 0.235119
1e-06 -0.667654 3.94389 0 -0.311792 -0.0527827 0 1 0 0.5 0.163855
1e-06 1.41547 -2.64508 0 0.278816 0.149204 0 1 0 0.5 0.113242
1e-06 5.61901 4.17453 0 -0.188586 0.253841 0 1 0 0.5 0.106572
1e-06 2.97472 -0.388642 0 0.0409665 0.313563 0 1 0 0.5 0.269124
1e-06 6.99247 0.324573 0 -0.0146627 0.315888 0 1 0 0.5 0.225964
1e-06 -0.524576 4.97241 0 -0.314483 -0.0331771 0 1 0 0.5 0.207427
1e-06 0.613741 3.95263 0 -0.312483 0.0485205 0 1 0 0.5 0.286052
1e-06 -4.90634 0.963214 0 -0.060919 -0.310304 0 1 0 0.5 0.203896
1e-06 0.885891 6.94372 0 -0.313685 0.0400205 0 1 0 0.5 0.230528
1e-06 -5.58235 2.1994 0 -0.115919 -0.294216 0 1 0 0.5 0.139633
1e-06 5.26802 4.60955 0 -0.208238 0.237985 0 1 0 0.5 0.277252
1e-06 -5.54008 -2.30381 0 0.121421 -0.291988 0 1 0 0.5 0.155286
1e-06 1.05859 -2.80702 0 0.295886 0.111586 0 1 0 0.5 0.206229
1e-06 -3.93006 -0.744735 0 0.0588765 -0.310699 0 1 0 0.5 0.161527
1e-06 -1.88672 4.63036 0 -0.29285 -0.119327 0 1 0 0.5 0.110174
1e-06 -5.83351 1.40362 0 -0.0739771 -0.307453 0 1 0 0.5 0.204889
1e-06 -1.37632 -5.84001 0 0.307796 -0.0725385 0 1 0 0.5 0.273054
1e-06 3.14233 -2.47503 0 0.195668 0.248423 0 1 0 0.5 0.110783
1e-06 -1.22874 -3.8066 0 0.300938 -0.0971402 0 1 0 0.5 0.199263
1e-06 3.22496 6.21286 0 -0.280668 0.145689 0 1 0 0.5 0.171484
1e-06 -1.13367 2.77755 0 -0.292779 -0.1195 0 1 0 0.5 0.197008
1e-06 3.64103 -3.42679 0 0.21673 0.230279 0 1 0 0.5 0.138388
1e-06 4.91705 -0.906977 0 0.0573623 0.310982 0 1 0 0.5 0.145917
1e-06 -2.94365 0.578718 0 -0.0610023 -0.310288 0 1 0 0.5 0.291626
1e-06 -2.8617 0.900389 0 -0.0949093 -0.301649 0 1 0 0.5 0.275208
1e-06 -6.66149 -2.15049 0 0.0971493 -0.300935 0 1 0 0.5 0.272575
1e-06 4.88142 -5.01714 0 0.226652 0.22052 0 1 0 0.5 0.273791
1e-06 4.58184 -3.87386 0 0.20417 0.241484 0 1 0 0.5 0.177885
1e-06 -2.18035 -4.49956 0 0.284577 -0.137898 0 1 0 0.5 0.261421
1e-06 -1.1418 4.86788 0 -0.307872 -0.072214 0 1 0 0.5 0.190858
1e-06 -4.74716 1.56985 0 -0.0992862 -0.300237 0 1 0 0.5 0.281251
1e-06 -1.24676 2.72866 0 -0.287626 -0.13142 0 1 0 0.5 0.188366
1e-06 -4.52779 -5.33845 0 0.241167 -0.204545 0 1 0 0.5 0.178257
1e-06 6.99965 0.0695441 0 -0.00314168 0.316212 0 1 0 0.5 0.138264
1e-06 -2.45134 6.55675 0 -0.296204 -0.11074 0 1 0 0.5 0.119936
1e-06 2.6778 4.22249 0 -0.267054 0.169359 0 1 0 0.5 0.146213
1e-06 4.33353 -2.4941 0 0.15774 0.274077 0 1 0 0.5 0.157276
1e-06 -4.50559 3.96228 0 -0.20883 -0.237466 0 1 0 0.5 0.291668
1e-06 -3.87076 4.58446 0 -0.241622 -0.204007 0 1 0 0.5 0.200257
1e-06 -6.98609 0.44114 0 -0.0199287 -0.315599 0 1 0 0.5 0.108704
1e-06 -6.99725 0.196095 0 -0.00885866 -0.316104 0 1 0 0.5 0.154479
1e-06 -1.5923 5.78486 0 -0.304889 -0.0839217 0 1 0 0.5 0.272202
1e-06 3.1063 5.13331 0 -0.270549 0.163716 0 1 0 0.5 0.20717
1e-06 6.54241 -2.48935 0 0.112458 0.295556 0 1 0 0.5 0.185868
1e-06 4.98504 0.386537 0 -0.0244468 0.315281 0 1 0 0.5 0.272246
1e-06 -3.49003 1.9544 0 -0.154509 -0.275911 0 1 0 0.5 0.279411
1e-06 -1.26578 2.71989 0 -0.286702 -0.133424 0 1 0 0.5 0.248551
1e-06 -3.94745 -0.646258 0 0.0510912 -0.312073 0 1 0 0.5 0.240579
1e-06 -1.95124 3.4918 0 -0.276051 -0.154259 0 1 0 0.5 0.189517
1e-06 2.91518 5.24421 0 -0.276394 0.153643 0 1 0 0.5 0.128617
1e-06 -2.84225 -0.960022 0 0.101195 -0.299599 0 1 0 0.5 0.280239
1e-06 -5.04813 4.84937 0 -0.219072 -0.228051 0 1 0 0.5 0.10831
1e-06 -0.481352 6.98343 0 -0.315479 -0.0217453 0 1 0 0.5 0.132324
1e-06 4.96269 -0.609641 0 0.0385571 0.313868 0 1 0 0.5 0.17979
1e-06 2.08072 -6.68361 0 0.301935 0.0939974 0 1 0 0.5 0.129013
1e-06 -4.39123 -5.45134 0 0.246266 -0.198376 0 1 0 0.5 0.220772
1e-06 0.339561 -2.98072 0 0.314196 0.0357929 0 1 0 0.5 0.135547
1e-06 -3.74203 -3.3162 0 0.209735 -0.236667 0 1 0 0.5 0.220304
1e-06 3.86868 -5.83381 0 0.263545 0.174769 0 1 0 0.5 0.15029
1e-06 2.44982 5.47708 0 -0.288667 0.129117 0 1 0 0.5 0.110231
1e-06 4.50818 2.16248 0 -0.136767 0.285122 0 1 0 0.5 0.262426
1e-06 -4.44765 5.4054 0 -0.244191 -0.200924 0 1 0 0.5 0.179168
1e-06 3.90018 0.888028 0 -0.0702048 0.308336 0 1 0 0.5 0.10303
1e-06 -6.38845 2.86143 0 -0.129266 -0.288601 0 1 0 0.5 0.223044
1e-06 -3.48989 3.5806 0 -0.226457 -0.22072 0 1 0 0.5 0.241448
1e-06 -2.91231 0.720033 0 -0.0758981 -0.306984 0 1 0 0.5 0.270554
1e-06 0.0429926 -4.99982 0 0.316216 0.00271909 0 1 0 0.5 0.106287
1e-06 2.97459 0.38967 0 -0.0410749 0.313549 0 1 0 0.5 0.229194
1e-06 3.4974 1.94118 0 -0.153464 0.276494 0 1 0 0.5 0.224383
1e-06 2.50074 4.3297 0 -0.273834 0.158161 0 1 0 0.5 0.246374
1e-06 -6.96848 0.663516 0 -0.0299746 -0.314804 0 1 0 0.5 0.186547
1e-06 -6.97439 -0.598232 0 0.0270254 -0.315071 0 1 0 0.5 0.204569
1e-06 -3.3249 -2.22374 0 0.175802 -0.262857 0 1 0 0.5 0.28894
1e-06 4.59478 -5.28091 0 0.238567 0.207571 0 1 0 0.5 0.196794
1e-06 -2.59643 -1.50285 0 0.158414 -0.273688 0 1 0 0.5 0.238758
1e-06 1.17088 2.76207 0 -0.291148 0.123421 0 1 0 0.5 0.107205
1e-06 3.99969 -0.04962 0 0.0039228 0.316203 0 1 0 0.5 0.24028
1e-06 3.95286 -0.612314 0 0.0484077 0.312501 0 1 0 0.5 0.112257
1e-06 -5.60126 4.19832 0 -0.189661 -0.253039 0 1 0 0.5 0.226303
1e-06 -3.09425 5.14059 0 -0.270933 -0.163081 0 1 0 0.5 0.233764
1e-06 1.14424 3.83285 0 -0.303013 0.0904604 0 1 0 0.5 0.197281
1e-06 -2.06921 3.42321 0 -0.270629 -0.163585 0 1 0 0.5 0.152938
1e-06 2.57435 -6.50943 0 0.294066 0.116297 0 1 0 0.5 0.298583
1e-06 2.42284 -3.18274 0 0.251618 0.191542 0 1 0 0.5 0.213441
1e-06 -3.54878 6.03375 0 -0.272577 -0.160318 0 1 0 0.5 0.187936
1e-06 0.762669 -2.90144 0 0.305838 0.0803924 0 1 0 0.5 0.258266
1e-06 -1.77425 5.73167 0 -0.302085 -0.0935113 0 1 0 0.5 0.274244
1e-06 0.176089 4.9969 0 -0.316032 0.0111368 0 1 0 0.5 0.159731
1e-06 2.28914 -1.93902 0 0.204391 0.241297 0 1 0 0.5 0.13741
1e-06 2.45578 1.72312 0 -0.181633 0.258862 0 1 0 0.5 0.210413
1e-06 -0.361032 6.99068 0 -0.315807 -0.0163097 0 1 0 0.5 0.14455
1e-06 2.61147 -4.26383 0 0.269668 0.165164 0 1 0 0.5 0.226653
1e-06 -3.57546 4.81831 0 -0.253947 -0.188443 0 1 0 0.5 0.200685
1e-06 -3.06256 3.9523 0 -0.249966 -0.193693 0 1 0 0.5 0.187735
1e-06 -1.09209 3.84803 0 -0.304214 -0.0863371 0 1 0 0.5 0.171487
1e-06 3.69442 5.94569 0 -0.268599 0.166897 0 1 0 0.5 0.161631
1e-06 2.53854 -3.09125 0 0.244385 0.200689 0 1 0 0.5 0.100897
1e-06 -3.08447 -2.54677 0 0.20134 -0.243849 0 1 0 0.5 0.17634
1e-06 1.76442 -5.7347 0 0.302245 0.0929933 0 1 0 0.5 0.192017
1e-06 -2.13173 3.38463 0 -0.267579 -0.168528 0 1 0 0.5 0.22028
1e-06 -2.36817 -1.84167 0 0.194129 -0.249627 0 1 0 0.5 0.17562
1e-06 -5.02459 -4.87375 0 0.220174 -0.226988 0 1 0 0.5 0.262973
1e-06 2.64017 -1.42461 0 0.150167 0.278298 0 1 0 0.5 0.250411
1e-06 -1.36091 -2.67356 0 0.281818 -0.143452 0 1 0 0.5 0.171801
1e-06 2.75233 -1.19361 0 0.125817 0.290121 0 1 0 0.5 0.132945
1e-06 -1.65259 -5.76792 0 0.303996 -0.0870989 0 1 0 0.5 0.283704
1e-06 3.75923 3.29669 0 -0.208501 0.237755 0 1 0 0.5 0.121819
1e-06 1.38901 -2.65907 0 0.280291 0.146414 0 1 0 0.5 0.241471
1e-06 -1.45643 3.72543 0 -0.294521 -0.115141 0 1 0 0.5 0.152303
1e-06 4.03797 -4.43788 0 0.233897 0.21282 0 1 0 0.5 0.141865
1e-06 -4.02658 -5.72597 0 0.258673 -0.181902 0 1 0 0.5 0.222652
1e-06 3.87118 1.00696 0 -0.0796075 0.306044 0 1 0 0.5 0.239282
1e-06 0.962897 2.84127 0 -0.299496 0.101498 0 1 0 0.5 0.198235
1e-06 2.78284 -5.31562 0 0.280158 0.146669 0 1 0 0.5 0.266107
1e-06 -2.34352 1.87294 0 -0.197425 -0.247029 0 1 0 0.5 0.143127
1e-06 -1.6151 4.73196 0 -0.299276 -0.102148 0 1 0 0.5 0.10683
1e-06 3.82039 -1.18515 0 0.0936946 0.302029 0 1 0 0.5 0.179467
1e-06 -6.8491 -1.44563 0 0.065307 -0.309411 0 1 0 0.5 0.189259
1e-06 0.152188 -2.99614 0 0.315821 0.016042 0 1 0 0.5 0.117809
1e-06 6.91876 1.06336 0 -0.0480377 0.312558 0 1 0 0.5 0.204855
1e-06 0.15694 5.99795 0 -0.31612 0.00827144 0 1 0 0.5 0.135359
1e-06 -0.837094 -2.88085 0 0.303668 -0.0882375 0 1 0 0.5 0.263773
1e-06 0.836092 -2.88114 0 0.303699 0.0881319 0 1 0 0.5 0.28564
1e-06 -4.09535 -2.86847 0 0.181418 -0.259013 0 1 0 0.5 0.205008
1e-06 3.53528 -3.53579 0 0.223623 0.223591 0 1 0 0.5 0.286855
1e-06 2.92815 -0.652618 0 0.068792 0.308655 0 1 0 0.5 0.209844
1e-06 0.0150668 -6.99998 0 0.316227 0.000680648 0 1 0 0.5 0.136895
1e-06 -0.101323 4.99897 0 -0.316163 -0.00640821 0 1 0 0.5 0.158818
1e-06 -4.6391 -1.86515 0 0.117962 -0.293402 0 1 0 0.5 0.231161
1e-06 1.88032 -5.69775 0 0.300298 0.0991015 0 1 0 0.5 0.101105
1e-06 -1.69663 2.47416 0 -0.260799 -0.17884 0 1 0 0.5 0.295915
1e-06 -6.81168 -1.61277 0 0.0728575 -0.30772 0 1 0 0.5 0.172537
1e-06 2.30906 -1.91527 0 0.201887 0.243396 0 1 0 0.5 0.125052
1e-06 4.54772 -3.91385 0 0.206278 0.239686 0 1 0 0.5 0.138001
1e-06 -4.67772 -5.20759 0 0.235255 -0.211318 0 1 0 0.5 0.213194
1e-06 0.0831189 -5.99942 0 0.316197 0.00438075 0 1 0 0.5 0.114848
1e-06 -1.17623 -3.82315 0 0.302247 -0.0929895 0 1 0 0.5 0.103071
1e-06 0.172497 -2.99504 0 0.315705 0.0181827 0 1 0 0.5 0.135557
1e-06 4.81203 1.35808 0 -0.0858926 0.304339 0 1 0 0.5 0.231995
1e-06 -0.0239911 -4.99994 0 0.316224 -0.00151733 0 1 0 0.5 0.257678
1e-06 1.72574 -6.78394 0 0.306467 0.077961 0 1 0 0.5 0.243487
1e-06 4.94319 -4.9563 0 0.223903 0.223311 0 1 0 0.5 0.195985
1e-06 -3.78118 3.27149 0 -0.206907 -0.239143 0 1 0 0.5 0.20871
1e-06 1.58752 2.54554 0 -0.268324 0.167339 0 1 0 0.5 0.129285
1e-06 -2.71836 -4.19649 0 0.265409 -0.171924 0 1 0 0.5 0.231589
1e-06 -2.22731 -2.00974 0 0.211846 -0.234779 0 1 0 0.5 0.210416
1e-06 3.90969 -5.8064 0 0.262307 0.176622 0 1 0 0.5 0.29826
1e-06 -5.89423 -3.77599 0 0.170582 -0.266274 0 1 0 0.5 0.139088
1e-06 4.40426 4.07462 0 -0.214751 0.232125 0 1 0 0.5 0.157236
1e-06 0.799938 2.89138 0 -0.304779 0.0843208 0 1 0 0.5 0.207447
1e-06 -1.29874 5.85775 0 -0.308731 -0.0684497 0 1 0 0.5 0.271407
1e-06 -2.47412 1.69669 0 -0.178847 -0.260795 0 1 0 0.5 0.165012
1e-06 2.91697 0.700904 0 -0.0738818 0.307476 0 1 0 0.5 0.278766
1e-06 4.16559 2.76547 0 -0.174904 0.263455 0 1 0 0.5 0.212582
1e-06 -4.79587 5.09898 0 -0.230349 -0.216655 0 1 0 0.5 0.263517
1e-06 3.72836 5.92447 0 -0.26764 0.16843 0 1 0 0.5 0.230349
1e-06 5.20231 2.98931 0 -0.15755 0.274186 0 1 0 0.5 0.101632
1e-06 -2.67607 -5.37016 0 0.283033 -0.141041 0 1 0 0.5 0.197145
1e-06 4.05311 -4.42406 0 0.233169 0.213617 0 1 0 0.5 0.237709
1e-06 5.28178 -2.84654 0 0.150026 0.278374 0 1 0 0.5 0.295468
1e-06 -4.70467 -1.69296 0 0.107072 -0.297549 0 1 0 0.5 0.242588
1e-06 -1.39439 -2.65625 0 0.279994 -0.146982 0 1 0 0.5 0.11445
1e-06 -0.342546 6.99161 0 -0.315849 -0.0154747 0 1 0 0.5 0.203604
1e-06 -0.168646 6.99797 0 -0.316136 -0.00761866 0 1 0 0.5 0.262313
1e-06 3.87445 -0.994302 0 0.0786064 0.306302 0 1 0 0.5 0.257696
1e-06 2.38728 -1.81683 0 0.191511 0.251642 0 1 0 0.5 0.163569
1e-06 -3.02551 3.98074 0 -0.251764 -0.19135 0 1 0 0.5 0.16012
1e-06 0.567216 3.95958 0 -0.313032 0.0448424 0 1 0 0.5 0.160488
1e-06 -2.94623 2.7055 0 -0.213889 -0.23292 0 1 0 0.5 0.198102
1e-06 -1.11693 -5.89512 0 0.3107 -0.0588672 0 1 0 0.5 0.247109
1e-06 3.42607 -3.64171 0 0.230322 0.216684 0 1 0 0.5 0.254258
1e-06 -4.98365 3.34115 0 -0.176094 -0.262661 0 1 0 0.5 0.164339
1e-06 -1.9206 6.73137 0 -0.304092 -0.0867637 0 1 0 0.5 0.145835
1e-06 1.95246 6.72219 0 -0.303678 0.0882031 0 1 0 0.5 0.111575
1e-06 1.94396 -3.49586 0 0.276372 0.153683 0 1 0 0.5 0.131653
1e-06 3.94966 -0.632621 0 0.0500131 0.312248 0 1 0 0.5 0.266397
1e-06 5.90314 1.07373 0 -0.0565903 0.311123 0 1 0 0.5 0.24625
1e-06 3.28816 6.17965 0 -0.279168 0.148544 0 1 0 0.5 0.255852
1e-06 -1.20306 6.89584 0 -0.311522 -0.0543486 0 1 0 0.5 0.10369
1e-06 -1.67298 -2.49021 0 0.262491 -0.176348 0 1 0 0.5 0.180558
1e-06 0.651917 -3.94652 0 0.312 0.0515386 0 1 0 0.5 0.211803
1e-06 2.64197 -1.42127 0 0.149815 0.278488 0 1 0 0.5 0.230433
1e-06 -5.43703 -2.53745 0 0.133736 -0.286557 0 1 0 0.5 0.111667
1e-06 -6.98166 -0.506401 0 0.0228769 -0.315399 0 1 0 0.5 0.167771
1e-06 -2.12871 5.60969 0 -0.295657 -0.112193 0 1 0 0.5 0.1739
1e-06 -0.532467 -5.97633 0 0.31498 -0.0280635 0 1 0 0.5 0.10917
1e-06 1.77437 -2.41901 0 0.254986 0.187035 0 1 0 0.5 0.140728
1e-06 -2.60875 3.03223 0 -0.239719 -0.206239 0 1 0 0.5 0.11187
1e-06 -1.01704 -2.82235 0 0.297501 -0.107205 0 1 0 0.5 0.136695
1e-06 5.35028 2.71561 0 -0.143125 0.281984 0 1 0 0.5 0.246168
1e-06 -1.94751 6.72363 0 -0.303743 -0.0879797 0 1 0 0.5 0.142939
1e-06 5.9928 0.293821 0 -0.0154857 0.315848 0 1 0 0.5 0.263788
1e-06 -2.60645 4.2669 0 -0.269863 -0.164846 0 1 0 0.5 0.217586
1e-06 0.469234 -4.97793 0 0.314832 0.029677 0 1 0 0.5 0.141112
1e-06 -1.4268 -2.63899 0 0.278174 -0.150398 0 1 0 0.5 0.173884
1e-06 3.71768 4.70945 0 -0.24821 0.195939 0 1 0 0.5 0.292239
1e-06 3.35447 2.17888 0 -0.172255 0.265194 0 1 0 0.5 0.2481
1e-06 1.7751 -6.77119 0 0.305891 0.080191 0 1 0 0.5 0.101272
1e-06 -1.96683 -2.2653 0 0.238784 -0.207322 0 1 0 0.5 0.290031
1e-06 1.60328 -2.53565 0 0.267281 0.169 0 1 0 0.5 0.12278
1e-06 0.0502462 -6.99982 0 0.31622 0.00226989 0 1 0 0.5 0.258388
1e-06 0.268199 6.99486 0 -0.315996 0.012116 0 1 0 0.5 0.255469
1e-06 -3.44362 -4.9134 0 0.258959 -0.181495 0 1 0 0.5 0.27492
1e-06 -1.5392 -5.79921 0 0.305645 -0.0811231 0 1 0 0.5 0.224185
1e-06 -6.9991 0.112194 0 -0.00506842 -0.316187 0 1 0 0.5 0.122572
1e-06 3.70856 -3.3536 0 0.2121 0.23455 0 1 0 0.5 0.137085
1e-06 -3.47242 -4.89309 0 0.257888 -0.183012 0 1 0 0.5 0.166325
1e-06 -3.22535 5.05936 0 -0.266652 -0.169991 0 1 0 0.5 0.253652
1e-06 -3.31602 -5.0004 0 0.263544 -0.17477 0 1 0 0.5 0.159284
1e-06 2.5542 1.57355 0 -0.165867 0.269236 0 1 0 0.5 0.191862
1e-06 5 0.00539002 0 -0.000340895 0.316228 0 1 0 0.5 0.285595
1e-06 -2.83116 -6.40192 0 0.289209 -0.127899 0 1 0 0.5 0.280674
1e-06 -1.17562 4.85983 0 -0.307362 -0.0743526 0 1 0 0.5 0.119771
1e-06 -4.91416 0.922493 0 -0.0583436 -0.310799 0 1 0 0.5 0.15995
1e-06 6.51196 2.56795 0 -0.116008 0.29418 0 1 0 0.5 0.252924
1e-06 0.032891 3.99986 0 -0.316217 0.00260026 0 1 0 0.5 0.146657
1e-06 -5.17576 4.71291 0 -0.212908 -0.233817 0 1 0 0.5 0.183078
1e-06 0.872774 -3.90362 0 0.308608 0.0689989 0 1 0 0.5 0.236717
1e-06 -6.99984 0.0476275 0 -0.00215159 -0.31622 0 1 0 0.5 0.201445
1e-06 -2.43929 -6.56124 0 0.296407 -0.110196 0 1 0 0.5 0.289701
1e-06 -2.66007 4.23368 0 -0.267761 -0.168238 0 1 0 0.5 0.258993
1e-06 -4.64982 1.83825 0 -0.116261 -0.294081 0 1 0 0.5 0.182896
1e-06 -3.88718 -3.14481 0 0.198895 -0.245847 0 1 0 0.5 0.250396
1e-06 -2.38711 5.5047 0 -0.290123 -0.125812 0 1 0 0.5 0.167141
1e-06 1.7219 -3.61041 0 0.285428 0.136128 0 1 0 0.5 0.212568
1e-06 -2.85899 2.79753 0 -0.221164 -0.226023 0 1 0 0.5 0.153007
1e-06 -5.40869 -4.44366 0 0.200744 -0.24434 0 1 0 0.5 0.104095
1e-06 4.98434 -0.395409 0 0.0250079 0.315237 0 1 0 0.5 0.261739
1e-06 -2.22504 3.32403 0 -0.262788 -0.175905 0 1 0 0.5 0.22368
1e-06 -2.54532 3.08567 0 -0.243944 -0.201225 0 1 0 0.5 0.104442
1e-06 -4.87336 -5.02497 0 0.227005 -0.220156 0 1 0 0.5 0.106901
1e-06 2.61354 -1.4729 0 0.155257 0.275491 0 1 0 0.5 0.148559
1e-06 -4.91962 4.97969 0 -0.224959 -0.222246 0 1 0 0.5 0.140004
1e-06 -3.93203 -4.53201 0 0.238858 -0.207236 0 1 0 0.5 0.115197
1e-06 2.57259 -5.4205 0 0.285685 0.135588 0 1 0 0.5 0.253625
1e-06 2.70452 -4.20542 0 0.265974 0.171049 0 1 0 0.5 0.147832
1e-06 3.47062 1.98866 0 -0.157218 0.274377 0 1 0 0.5 0.112787
1e-06 -1.7437 2.44121 0 -0.257326 -0.183802 0 1 0 0.5 0.167324
1e-06 -5.80552 1.51524 0 -0.07986 -0.305978 0 1 0 0.5 0.210603
1e-06 0.782444 2.89617 0 -0.305283 0.0824769 0 1 0 0.5 0.186281
1e-06 -2.81988 -1.02385 0 0.107923 -0.297242 0 1 0 0.5 0.196825
1e-06 -4.56199 3.89721 0 -0.205401 -0.240438 0 1 0 0.5 0.269921
1e-06 1.66421 2.49608 0 -0.26311 0.175423 0 1 0 0.5 0.151958
1e-06 6.63536 2.22978 0 -0.100731 0.299755 0 1 0 0.5 0.239559
1e-06 2.97887 -0.355468 0 0.0374697 0.314 0 1 0 0.5 0.207232
1e-06 6.72512 1.94235 0 -0.0877466 0.30381 0 1 0 0.5 0.106453
1e-06 -1.89527 2.3255 0 -0.245129 -0.199779 0 1 0 0.5 0.204987
1e-06 1.49762 -3.70906 0 0.293227 0.118397 0 1 0 0.5 0.157742
1e-06 -0.88462 -5.93443 0 0.312772 -0.0466235 0 1 0 0.5 0.141707
1e-06 3.03614 -2.6042 0 0.20588 0.240028 0 1 0 0.5 0.297763
1e-06 -2.53634 -4.30894 0 0.272521 -0.160412 0 1 0 0.5 0.241716
1e-06 -2.72384 1.25726 0 -0.132527 -0.287118 0 1 0 0.5 0.146398
1e-06 -3.84325 -1.10881 0 0.0876591 -0.303835 0 1 0 0.5 0.138071
1e-06 -0.72379 -3.93397 0 0.311008 -0.0572206 0 1 0 0.5 0.175819
1e-06 -0.744709 -2.9061 0 0.30633 -0.0784992 0 1 0 0.5 0.104046
1e-06 -6.9928 0.317431 0 -0.0143401 -0.315902 0 1 0 0.5 0.204771
1e-06 4.49292 -2.19401 0 0.138761 0.284157 0 1 0 0.5 0.284197
1e-06 -4.95774 -0.648684 0 0.0410264 -0.313555 0 1 0 0.5 0.227603
1e-06 -6.99943 0.0891893 0 -0.00402916 -0.316202 0 1 0 0.5 0.265345
1e-06 -0.443776 2.967 0 -0.312749 -0.0467781 0 1 0 0.5 0.220407
1e-06 1.09808 5.89866 0 -0.310887 0.0578738 0 1 0 0.5 0.19972
1e-06 -3.90503 0.866449 0 -0.0684988 -0.30872 0 1 0 0.5 0.262313
1e-06 -2.3532 -1.86077 0 0.196143 -0.248049 0 1 0 0.5 0.181825
1e-06 2.40922 1.78764 0 -0.188433 0.253954 0 1 0 0.5 0.120314
1e-06 -2.22747 -2.00957 0 0.211827 -0.234796 0 1 0 0.5 0.23057
1e-06 2.65583 -1.3952 0 0.147067 0.279949 0 1 0 0.5 0.172414
1e-06 1.67742 -6.79605 0 0.307014 0.0757782 0 1 0 0.5 0.271465
1e-06 -5.51429 4.31191 0 -0.194792 -0.24911 0 1 0 0.5 0.185588
1e-06 3.60529 -4.79603 0 0.252773 0.190015 0 1 0 0.5 0.153447
1e-06 0.0499188 -3.99969 0 0.316203 0.00394642 0 1 0 0.5 0.141942
1e-06 -6.63732 -2.22396 0 0.100468 -0.299843 0 1 0 0.5 0.242823
1e-06 3.6806 -3.38425 0 0.214039 0.232782 0 1 0 0.5 0.267119
1e-06 0.449517 5.98314 0 -0.315339 0.0236916 0 1 0 0.5 0.299282
1e-06 0.117824 -4.99861 0 0.31614 0.00745185 0 1 0 0.5 0.1261
1e-06 -2.08928 -6.68093 0 0.301814 -0.0943843 0 1 0 0.5 0.251241
1e-06 1.76762 2.42395 0 -0.255507 0.186323 0 1 0 0.5 0.118587
1e-06 4.9996 0.0633526 0 -0.00400677 0.316202 0 1 0 0.5 0.293637
1e-06 5.99719 -0.183589 0 0.009676 0.31608 0 1 0 0.5 0.154822
1e-06 6.99955 -0.0794683 0 0.00359001 0.316207 0 1 0 0.5 0.285741
1e-06 -2.84764 0.943897 0 -0.0994955 -0.300168 0 1 0 0.5 0.263936
1e-06 1.00842 4.89725 0 -0.309729 0.0637783 0 1 0 0.5 0.178052
1e-06 -0.0688822 -5.9996 0 0.316207 -0.00363041 0 1 0 0.5 0.273501
1e-06 -5.88934 1.14701 0 -0.0604529 -0.310396 0 1 0 0.5 0.28817
1e-06 -1.10989 -3.84293 0 0.303811 -0.0877448 0 1 0 0.5 0.135059
1e-06 -4.54938 -2.07441 0 0.131197 -0.287728 0 1 0 0.5 0.265283
1e-06 1.68614 2.48132 0 -0.261554 0.177735 0 1 0 0.5 0.270549
1e-06 3.87292 -5.831 0 0.263418 0.174961 0 1 0 0.5 0.256771
1e-06 6.53514 2.50838 0 -0.113317 0.295227 0 1 0 0.5 0.242194
1e-06 2.98231 0.325287 0 -0.0342882 0.314363 0 1 0 0.5 0.223892
1e-06 -6.99948 -0.0856537 0 0.00386944 -0.316204 0 1 0 0.5 0.281846
1e-06 -1.40394 -4.79885 0 0.303506 -0.088793 0 1 0 0.5 0.238791
1e-06 6.99981 -0.051572 0 0.00232979 0.316219 0 1 0 0.5 0.106115
1e-06 -6.43987 -2.74372 0 0.123949 -0.290924 0 1 0 0.5 0.221592
1e-06 -1.86593 -2.3491 0 0.247617 -0.196687 0 1 0 0.5 0.294396
1e-06 -2.41433 4.37847 0 -0.276919 -0.152696 0 1 0 0.5 0.250295
1e-06 0.261203 -4.99317 0 0.315796 0.0165199 0 1 0 0.5 0.249532
1e-06 -2.81998 2.83685 0 -0.224273 -0.222939 0 1 0 0.5 0.102905
1e-06 -3.52479 -6.0478 0 0.273212 -0.159234 0 1 0 0.5 0.175524
1e-06 -3.24097 -3.80738 0 0.2408 -0.204977 0 1 0 0.5 0.173068
1e-06 2.6941 -1.31978 0 0.139117 0.283983 0 1 0 0.5 0.208682
1e-06 2.56046 -3.07311 0 0.242951 0.202422 0 1 0 0.5 0.190369
1e-06 -4.44145 4.03404 0 -0.212613 -0.234085 0 1 0 0.5 0.131037
1e-06 -0.830508 2.88275 0 -0.303869 -0.0875433 0 1 0 0.5 0.125282
1e-06 0.485901 3.97038 0 -0.313886 0.0384138 0 1 0 0.5 0.11698
1e-06 -0.395765 2.97378 0 -0.313464 -0.0417173 0 1 0 0.5 0.299113
1e-06 4.3613 4.12057 0 -0.217173 0.229861 0 1 0 0.5 0.230945
1e-06 -2.8023 -2.85431 0 0.225653 -0.221541 0 1 0 0.5 0.170095
1e-06 2.87458 -0.858366 0 0.0904797 0.303007 0 1 0 0.5 0.164706
1e-06 -1.89804 2.32324 0 -0.244891 -0.200071 0 1 0 0.5 0.155235
1e-06 5.97691 -0.52593 0 0.027719 0.315011 0 1 0 0.5 0.249834
1e-06 5.34529 -2.72541 0 0.143642 0.281722 0 1 0 0.5 0.105565
1e-06 -2.3814 1.82454 0 -0.192324 -0.251021 0 1 0 0.5 0.289176
1e-06 -3.2292 -2.36057 0 0.186619 -0.255291 0 1 0 0.5 0.29289
1e-06 -5.84575 3.85061 0 -0.173953 -0.264084 0 1 0 0.5 0.19826
1e-06 3.04808 -6.30153 0 0.284674 0.137698 0 1 0 0.5 0.281333
1e-06 -3.23347 3.81375 0 -0.241203 -0.204502 0 1 0 0.5 0.101565
1e-06 1.06062 2.80626 0 -0.295805 0.1118 0 1 0 0.5 0.195341
1e-06 -1.39665 -3.74825 0 0.296325 -0.110415 0 1 0 0.5 0.105041
1e-06 5.16876 -3.04696 0 0.160589 0.272417 0 1 0 0.5 0.216974
1e-06 2.64661 1.41261 0 -0.148902 0.278977 0 1 0 0.5 0.268445
1e-06 -5.24997 -2.90479 0 0.153096 -0.276698 0 1 0 0.5 0.14611
1e-06 2.0337 5.64483 0 -0.297508 0.107186 0 1 0 0.5 0.211515
1e-06 0.336386 -6.99191 0 0.315862 0.0151964 0 1 0 0.5 0.176673
1e-06 -3.3921 -2.11983 0 0.167587 -0.268169 0 1 0 0.5 0.10606
1e-06 -6.34562 -2.95518 0 0.133501 -0.286666 0 1 0 0.5 0.120117
1e-06 -5.72434 -1.79777 0 0.0947505 -0.301699 0 1 0 0.5 0.152487
1e-06 2.56388 1.55772 0 -0.164198 0.270257 0 1 0 0.5 0.262288
1e-06 -3.30207 -3.75451 0 0.237456 -0.208841 0 1 0 0.5 0.122963
1e-06 -4.8375 -1.26436 0 0.0799651 -0.30595 0 1 0 0.5 0.142662
1e-06 1.53909 3.69205 0 -0.291882 0.121676 0 1 0 0.5 0.189876
1e-06 2.98509 -0.298726 0 0.0314885 0.314656 0 1 0 0.5 0.250074
1e-06 4.63013 3.816 0 -0.201121 0.244029 0 1 0 0.5 0.100323
1e-06 1.03735 -3.86315 0 0.305409 0.0820094 0 1 0 0.5 0.165644
1e-06 -3.84129 -1.11558 0 0.0881939 -0.30368 0 1 0 0.5 0.153264
1e-06 3.99966 -0.052346 0 0.00413831 0.316201 0 1 0 0.5 0.151082
1e-06 2.88847 -0.810397 0 0.0854233 0.304471 0 1 0 0.5 0.12351
1e-06 -4.22296 2.67705 0 -0.169311 -0.267084 0 1 0 0.5 0.107934
1e-06 2.19567 4.49211 0 -0.284106 0.138866 0 1 0 0.5 0.29412
1e-06 -2.57336 -3.06232 0 0.242098 -0.203442 0 1 0 0.5 0.260302
1e-06 -1.74598 3.59882 0 -0.284512 -0.138032 0 1 0 0.5 0.216315
1e-06 2.07365 6.6858 0 -0.302034 0.0936779 0 1 0 0.5 0.230296
1e-06 2.909 4.06666 0 -0.257198 0.183981 0 1 0 0.5 0.181859
1e-06 -3.03702 -2.60317 0 0.205799 -0.240098 0 1 0 0.5 0.206652
1e-06 2.58823 -6.50393 0 0.293817 0.116924 0 1 0 0.5 0.152208
1e-06 -2.5165 -1.63317 0 0.172151 -0.265262 0 1 0 0.5 0.27931
1e-06 -2.61851 1.46404 0 -0.154324 -0.276015 0 1 0 0.5 0.237358
1e-06 -6.74775 1.86223 0 -0.0841268 -0.304832 0 1 0 0.5 0.232839
1e-06 -4.68119 -5.20447 0 0.235114 -0.211474 0 1 0 0.5 0.23237
1e-06 1.72399 -2.45517 0 0.258798 0.181724 0 1 0 0.5 0.252296
1e-06 4.92811 -0.84482 0 0.0534311 0.311681 0 1 0 0.5 0.268094
1e-06 0.658677 4.95642 0 -0.313472 0.0416584 0 1 0 0.5 0.129717
1e-06 -1.05697 -4.887 0 0.309081 -0.0668486 0 1 0 0.5 0.106213
1e-06 3.5669 -3.50389 0 0.221605 0.225591 0 1 0 0.5 0.288283
1e-06 -1.96309 2.26854 0 -0.239125 -0.206928 0 1 0 0.5 0.293318
1e-06 3.1393 -2.47887 0 0.195972 0.248183 0 1 0 0.5 0.294877
1e-06 -3.13142 -2.48881 0 0.196758 -0.247561 0 1 0 0.5 0.136196
1e-06 -2.94779 -0.557254 0 0.0587397 -0.310724 0 1 0 0.5 0.154162
1e-06 -3.69141 3.37246 0 -0.213293 -0.233465 0 1 0 0.5 0.122038
1e-06 -4.73287 1.61243 0 -0.101979 -0.299333 0 1 0 0.5 0.250898
1e-06 1.57736 -4.74467 0 0.30008 0.0997611 0 1 0 0.5 0.229821
1e-06 3.21451 -2.38053 0 0.188197 0.254129 0 1 0 0.5 0.240611
1e-06 -3.33484 -3.72543 0 0.235617 -0.210914 0 1 0 0.5 0.154422
1e-06 0.0981634 3.9988 0 -0.316133 0.0077605 0 1 0 0.5 0.169562
1e-06 5.76522 -1.662 0 0.087595 0.303854 0 1 0 0.5 0.188233
1e-06 -2.32038 3.25819 0 -0.257583 -0.183442 0 1 0 0.5 0.242137
1e-06 4.63303 -5.24738 0 0.237053 0.209299 0 1 0 0.5 0.12363
1e-06 -3.99756 0.13978 0 -0.0110505 -0.316035 0 1 0 0.5 0.276846
1e-06 4.57578 5.29738 0 -0.239311 0.206713 0 1 0 0.5 0.229359
1e-06 3.38938 -2.12417 0 0.16793 0.267954 0 1 0 0.5 0.286894
1e-06 2.60288 1.49165 0 -0.157234 0.274367 0 1 0 0.5 0.103196
1e-06 1.67677 4.71046 0 -0.297916 0.106048 0 1 0 0.5 0.218412
1e-06 2.31609 6.60574 0 -0.298417 0.10463 0 1 0 0.5 0.1363
1e-06 6.37218 -2.89747 0 0.130894 0.287866 0 1 0 0.5 0.162746
1e-06 -4.04468 -2.93948 0 0.185909 -0.255808 0 1 0 0.5 0.127442
1e-06 6.99985 -0.046002 0 0.00207816 0.316221 0 1 0 0.5 0.193529
1e-06 -3.41749 -3.64976 0 0.230831 -0.216141 0 1 0 0.5 0.272686
1e-06 -0.390066 3.98094 0 -0.314721 -0.0308374 0 1 0 0.5 0.200851
1e-06 6.09261 3.44675 0 -0.155708 0.275236 0 1 0 0.5 0.179049
1e-06 0.469607 6.98423 0 -0.315515 0.0212147 0 1 0 0.5 0.268112
1e-06 -2.01072 -2.22643 0 0.234686 -0.211949 0 1 0 0.5 0.176246
1e-06 -5.78657 -3.93898 0 0.177945 -0.261411 0 1 0 0.5 0.19393
1e-06 2.52271 3.10418 0 -0.245407 0.199438 0 1 0 0.5 0.224754
1e-06 4.32132 -2.51519 0 0.159074 0.273305 0 1 0 0.5 0.227443
1e-06 -0.63099 4.96003 0 -0.3137 -0.0399073 0 1 0 0.5 0.125994
1e-06 -4.92282 -0.875126 0 0.0553478 -0.311346 0 1 0 0.5 0.159036
1e-06 -3.99993 -0.0239095 0 0.00189021 -0.316222 0 1 0 0.5 0.137152
1e-06 -3.24393 -5.04747 0 0.266025 -0.17097 0 1 0 0.5 0.129934
1e-06 -0.657021 -6.9691 0 0.314832 -0.0296812 0 1 0 0.5 0.249677
1e-06 3.41547 3.65165 0 -0.230951 0.216013 0 1 0 0.5 0.255808
1e-06 0.622461 4.9611 0 -0.313768 0.0393679 0 1 0 0.5 0.29752
1e-06 -2.75798 5.32856 0 -0.28084 -0.145358 0 1 0 0.5 0.199301
1e-06 2.93783 -0.607587 0 0.0640453 0.309674 0 1 0 0.5 0.131288
1e-06 -2.26965 -6.62184 0 0.299144 -0.102532 0 1 0 0.5 0.127482
1e-06 4.64093 -5.2404 0 0.236737 0.209656 0 1 0 0.5 0.257459
1e-06 -3.62723 1.68619 0 -0.133305 -0.286757 0 1 0 0.5 0.164863
1e-06 -0.763935 -3.92637 0 0.310407 -0.0603944 0 1 0 0.5 0.262991
1e-06 -3.16784 -6.24218 0 0.281993 -0.143108 0 1 0 0.5 0.26971
1e-06 -0.261531 2.98858 0 -0.315024 -0.0275678 0 1 0 0.5 0.161732
1e-06 -6.13709 3.36691 0 -0.152102 -0.277246 0 1 0 0.5 0.284905
1e-06 2.47003 6.54973 0 -0.295887 0.111585 0 1 0 0.5 0.15231
1e-06 3.87885 -3.15508 0 0.199545 0.24532 0 1 0 0.5 0.241403
1e-06 -2.8927 -6.37435 0 0.287964 -0.130679 0 1 0 0.5 0.181147
1e-06 2.5821 1.52733 0 -0.160995 0.272177 0 1 0 0.5 0.180981
1e-06 2.95495 -4.0334 0 0.255094 0.186887 0 1 0 0.5 0.131747
1e-06 2.1361 3.38187 0 -0.267361 0.168874 0 1 0 0.5 0.157853
1e-06 -5.6566 4.12345 0 -0.186279 -0.255539 0 1 0 0.5 0.190854
1e-06 4.32268 -2.51285 0 0.158927 0.27339 0 1 0 0.5 0.143248
1e-06 2.98401 -2.66378 0 0.21059 0.235906 0 1 0 0.5 0.161579
1e-06 -0.97784 -6.93137 0 0.313127 -0.0441743 0 1 0 0.5 0.144457
1e-06 1.82771 5.71485 0 -0.301199 0.0963287 0 1 0 0.5 0.254362
1e-06 -1.09087 -3.84838 0 0.304241 -0.0862406 0 1 0 0.5 0.29427
1e-06 0.450188 -5.98309 0 0.315336 0.023727 0 1 0 0.5 0.158215
1e-06 2.90563 5.2495 0 -0.276673 0.15314 0 1 0 0.5 0.196076
1e-06 0.676094 -3.94245 0 0.311678 0.0534499 0 1 0 0.5 0.26018
1e-06 5.52065 2.34998 0 -0.123855 0.290964 0 1 0 0.5 0.117071
1e-06 -4.19596 2.71918 0 -0.171976 -0.265376 0 1 0 0.5 0.250097
1e-06 5.98863 -0.369257 0 0.0194616 0.315628 0 1 0 0.5 0.202792
1e-06 -0.710051 -2.91476 0 0.307243 -0.0748459 0 1 0 0.5 0.135892
1e-06 3.33143 4.99015 0 -0.263004 0.175582 0 1 0 0.5 0.109164
1e-06 -5.26443 4.61366 0 -0.208424 -0.237823 0 1 0 0.5 0.199799
1e-06 -0.849543 -6.94826 0 0.31389 -0.0383785 0 1 0 0.5 0.214499
1e-06 -2.09427 -6.67937 0 0.301743 -0.0946095 0 1 0 0.5 0.29723
1e-06 -2.52252 3.10433 0 -0.245419 -0.199423 0 1 0 0.5 0.213581
1e-06 -0.511875 -6.98126 0 0.315381 -0.0231242 0 1 0 0.5 0.226896
1e-06 0.755365 -2.90335 0 0.30604 0.0796225 0 1 0 0.5 0.211194
1e-06 -1.4138 -4.79595 0 0.303323 -0.0894163 0 1 0 0.5 0.222001
1e-06 3.28412 -3.77022 0 0.238449 0.207706 0 1 0 0.5 0.285262
1e-06 -3.31801 -2.23401 0 0.176614 -0.262312 0 1 0 0.5 0.265095
1e-06 -2.20613 2.03298 0 -0.214295 -0.232546 0 1 0 0.5 0.2273
1e-06 2.97694 -0.371215 0 0.0391295 0.313798 0 1 0 0.5 0.268658
1e-06 -1.41199 -3.7425 0 0.29587 -0.111628 0 1 0 0.5 0.200439
1e-06 -4.83773 -1.26348 0 0.0799096 -0.305965 0 1 0 0.5 0.227805
1e-06 4.39536 -2.38345 0 0.150742 0.277987 0 1 0 0.5 0.275863
1e-06 -6.94083 -0.90822 0 0.0410292 -0.313555 0 1 0 0.5 0.199467
1e-06 -2.88251 0.831342 0 -0.0876312 -0.303843 0 1 0 0.5 0.228395
1e-06 5.35394 2.70837 0 -0.142744 0.282178 0 1 0 0.5 0.182884
1e-06 -3.08558 -2.54542 0 0.201233 -0.243937 0 1 0 0.5 0.161217
1e-06 2.80243 -1.07069 0 0.11286 0.295402 0 1 0 0.5 0.137622
1e-06 0.264021 -6.99502 0 0.316003 0.0119273 0 1 0 0.5 0.123006
1e-06 6.98649 0.434735 0 -0.0196393 0.315617 0 1 0 0.5 0.262391
1e-06 3.31871 4.99862 0 -0.26345 0.174911 0 1 0 0.5 0.102084
1e-06 -2.96449 -6.34128 0 0.28647 -0.133922 0 1 0 0.5 0.151025
1e-06 -5.37724 -2.66181 0 0.14029 -0.283406 0 1 0 0.5 0.236883
1e-06 -2.63884 -1.42707 0 0.150427 -0.278158 0 1 0 0.5 0.255677
1e-06 -5.86717 1.25551 0 -0.0661713 -0.309227 0 1 0 0.5 0.267085
1e-06 1.51572 -3.7017 0 0.292645 0.119828 0 1 0 0.5 0.172011
1e-06 -0.207759 3.9946 0 -0.315801 -0.0164248 0 1 0 0.5 0.184068
1e-06 0.97587 2.83684 0 -0.299029 0.102866 0 1 0 0.5 0.110545
1e-06 -2.46924 -6.55003 0 0.2959 -0.111549 0 1 0 0.5 0.108008
1e-06 3.99008 -0.281601 0 0.0222625 0.315443 0 1 0 0.5 0.113573
1e-06 -3.91037 0.842027 0 -0.0665681 -0.309142 0 1 0 0.5 0.148509
1e-06 2.6428 5.38662 0 -0.2839 0.139288 0 1 0 0.5 0.282301
1e-06 5.99651 0.204511 0 -0.0107787 0.316044 0 1 0 0.5 0.196684
1e-06 2.97384 -0.395315 0 0.0416698 0.31347 0 1 0 0.5 0.101951
1e-06 3.63378 -3.43448 0 0.217216 0.22982 0 1 0 0.5 0.132995
1e-06 -0.909303 3.89528 0 -0.307949 -0.0718867 0 1 0 0.5 0.115442
1e-06 3.103 6.27466 0 -0.28346 0.140179 0 1 0 0.5 0.268238
1e-06 3.57577 1.79273 0 -0.141728 0.282689 0 1 0 0.5 0.110793
1e-06 2.93468 0.622603 0 -0.0656281 0.309343 0 1 0 0.5 0.131255
1e-06 -1.94688 -4.60539 0 0.291271 -0.123131 0 1 0 0.5 0.167471
1e-06 3.70269 1.5133 0 -0.119637 0.292724 0 1 0 0.5 0.106888
1e-06 -2.79235 1.09671 0 -0.115603 -0.29434 0 1 0 0.5 0.106084
1e-06 0.865004 2.87259 0 -0.302797 0.0911795 0 1 0 0.5 0.256649
1e-06 6.81363 -1.60452 0 0.072485 0.307808 0 1 0 0.5 0.110201
1e-06 -6.73734 1.89953 0 -0.0858121 -0.304362 0 1 0 0.5 0.112387
1e-06 1.26138 -6.88541 0 0.311051 0.0569835 0 1 0 0.5 0.137859
1e-06 3.88258 0.962068 0 -0.0760582 0.306945 0 1 0 0.5 0.200047
1e-06 3.57973 -3.49078 0 0.220777 0.226402 0 1 0 0.5 0.29043
1e-06 -5.2414 -2.92022 0 0.153909 -0.276246 0 1 0 0.5 0.113743
1e-06 -3.01829 5.18555 0 -0.273302 -0.159078 0 1 0 0.5 0.251269
1e-06 -0.466401 2.96352 0 -0.312383 -0.049163 0 1 0 0.5 0.175406
1e-06 -4.02115 -5.72978 0 0.258845 -0.181657 0 1 0 0.5 0.165
1e-06 3.41341 4.93444 0 -0.260068 0.179902 0 1 0 0.5 0.29214
1e-06 3.17492 -2.43309 0 0.192352 0.250999 0 1 0 0.5 0.273591
1e-06 -0.689568 -4.95222 0 0.313206 -0.0436121 0 1 0 0.5 0.270551
1e-06 -3.7085 3.35366 0 -0.212104 -0.234546 0 1 0 0.5 0.238803
1e-06 1.73866 3.60237 0 -0.284792 0.137453 0 1 0 0.5 0.236809
1e-06 0.0439783 -3.99976 0 0.316209 0.00347679 0 1 0 0.5 0.206952
1e-06 -3.89037 -3.14087 0 0.198646 -0.246048 0 1 0 0.5 0.16867
1e-06 -1.91859 4.61725 0 -0.292021 -0.121342 0 1 0 0.5 0.164237
1e-06 -0.430351 2.96897 0 -0.312957 -0.045363 0 1 0 0.5 0.152903
1e-06 -3.99965 -0.052851 0 0.00417824 -0.3162 0 1 0 0.5 0.20917
1e-06 4.04389 -5.71375 0 0.258121 0.182684 0 1 0 0.5 0.242086
